0.000 0 0.386 0.185 0.506 0.400 detection
0.033 0 0.385 0.185 0.506 0.400 forward+backward
0.067 0 0.384 0.185 0.505 0.400 forward+backward
0.100 0 0.386 0.186 0.505 0.397 forward+backward
0.133 0 0.386 0.186 0.505 0.397 forward+backward
0.167 0 0.384 0.185 0.505 0.400 forward+backward
0.200 0 0.385 0.183 0.507 0.401 forward+backward
0.233 0 0.385 0.183 0.509 0.404 forward+backward
0.267 0 0.385 0.183 0.509 0.404 forward+backward
0.300 0 0.385 0.183 0.507 0.401 forward+backward
0.333 0 0.384 0.185 0.505 0.400 forward+backward
0.367 0 0.386 0.186 0.505 0.397 forward+backward
0.400 0 0.386 0.186 0.505 0.397 forward+backward
0.433 0 0.384 0.185 0.505 0.400 forward+backward
0.467 0 0.385 0.185 0.506 0.400 forward+backward
0.500 0 0.386 0.185 0.506 0.400 detection
0.533 0 0.385 0.185 0.506 0.400 forward+backward
0.567 0 0.384 0.185 0.505 0.400 forward+backward
0.600 0 0.386 0.186 0.505 0.397 forward+backward
0.633 0 0.386 0.186 0.505 0.397 forward+backward
0.667 0 0.384 0.185 0.505 0.400 forward+backward
0.700 0 0.385 0.183 0.507 0.401 forward+backward
0.733 0 0.385 0.183 0.509 0.404 forward+backward
0.767 0 0.385 0.183 0.509 0.404 forward+backward
0.800 0 0.385 0.183 0.507 0.401 forward+backward
0.833 0 0.384 0.185 0.505 0.400 forward+backward
0.867 0 0.386 0.186 0.505 0.397 forward+backward
0.900 0 0.386 0.186 0.505 0.397 forward+backward
0.933 0 0.384 0.185 0.505 0.400 forward+backward
0.967 0 0.385 0.185 0.506 0.400 forward+backward
1.000 0 0.386 0.185 0.506 0.400 detection
1.033 0 0.385 0.185 0.506 0.400 forward+backward
1.067 0 0.384 0.185 0.505 0.400 forward+backward
1.100 0 0.386 0.186 0.505 0.397 forward+backward
1.133 0 0.386 0.186 0.505 0.397 forward+backward
1.167 0 0.384 0.185 0.505 0.400 forward+backward
1.200 0 0.385 0.183 0.507 0.401 forward+backward
1.233 0 0.385 0.183 0.509 0.404 forward+backward
1.267 0 0.385 0.183 0.509 0.404 forward+backward
1.300 0 0.385 0.183 0.507 0.401 forward+backward
1.333 0 0.384 0.185 0.505 0.400 forward+backward
1.367 0 0.386 0.186 0.505 0.397 forward+backward
1.400 0 0.386 0.186 0.505 0.397 forward+backward
1.433 0 0.384 0.185 0.505 0.400 forward+backward
1.467 0 0.385 0.185 0.506 0.400 forward+backward
1.500 0 0.386 0.185 0.506 0.400 detection
1.533 0 0.385 0.185 0.506 0.400 forward+backward
1.567 0 0.384 0.185 0.505 0.400 forward+backward
1.600 0 0.386 0.186 0.505 0.397 forward+backward
1.633 0 0.386 0.186 0.505 0.397 forward+backward
1.667 0 0.384 0.185 0.505 0.400 forward+backward
1.700 0 0.385 0.183 0.507 0.401 forward+backward
1.733 0 0.385 0.183 0.509 0.404 forward+backward
1.767 0 0.385 0.183 0.509 0.404 forward+backward
1.800 0 0.385 0.183 0.507 0.401 forward+backward
1.833 0 0.384 0.185 0.505 0.400 forward+backward
1.867 0 0.386 0.186 0.505 0.397 forward+backward
1.900 0 0.386 0.186 0.505 0.397 forward+backward
1.933 0 0.384 0.185 0.505 0.400 forward+backward
1.967 0 0.385 0.185 0.506 0.400 forward+backward
2.000 0 0.386 0.185 0.506 0.400 detection
2.033 0 0.385 0.185 0.506 0.400 forward+backward
2.067 0 0.384 0.185 0.505 0.400 forward+backward
2.100 0 0.386 0.186 0.505 0.397 forward+backward
2.133 0 0.386 0.186 0.505 0.397 forward+backward
2.167 0 0.384 0.185 0.505 0.400 forward+backward
2.200 0 0.385 0.183 0.507 0.401 forward+backward
2.233 0 0.385 0.183 0.509 0.404 forward+backward
2.267 0 0.385 0.183 0.509 0.404 forward+backward
2.300 0 0.385 0.183 0.507 0.401 forward+backward
2.333 0 0.384 0.185 0.505 0.400 forward+backward
2.367 0 0.386 0.186 0.505 0.397 forward+backward
2.400 0 0.386 0.186 0.505 0.397 forward+backward
2.433 0 0.384 0.185 0.505 0.400 forward+backward
2.467 0 0.385 0.185 0.506 0.400 forward+backward
2.500 0 0.386 0.185 0.506 0.400 detection
2.533 0 0.385 0.185 0.506 0.400 forward+backward
2.567 0 0.384 0.185 0.505 0.400 forward+backward
2.600 0 0.386 0.186 0.505 0.397 forward+backward
2.633 0 0.386 0.186 0.505 0.397 forward+backward
2.667 0 0.384 0.185 0.505 0.400 forward+backward
2.700 0 0.385 0.183 0.507 0.401 forward+backward
2.733 0 0.385 0.183 0.509 0.404 forward+backward
2.767 0 0.385 0.183 0.509 0.404 forward+backward
2.800 0 0.385 0.183 0.507 0.401 forward+backward
2.833 0 0.384 0.185 0.505 0.400 forward+backward
2.867 0 0.386 0.186 0.505 0.397 forward+backward
2.900 0 0.386 0.186 0.505 0.397 forward+backward
2.933 0 0.384 0.185 0.505 0.400 forward+backward
2.967 0 0.385 0.185 0.506 0.400 forward+backward
3.000 0 0.386 0.185 0.506 0.400 detection
3.033 0 0.385 0.185 0.506 0.400 forward+backward
3.067 0 0.384 0.185 0.505 0.400 forward+backward
3.100 0 0.386 0.186 0.505 0.397 forward+backward
3.133 0 0.386 0.186 0.505 0.397 forward+backward
3.167 0 0.384 0.185 0.505 0.400 forward+backward
3.200 0 0.385 0.183 0.507 0.401 forward+backward
3.233 0 0.385 0.183 0.509 0.404 forward+backward
3.267 0 0.385 0.183 0.509 0.404 forward+backward
3.300 0 0.385 0.183 0.507 0.401 forward+backward
3.333 0 0.384 0.185 0.505 0.400 forward+backward
3.367 0 0.386 0.186 0.505 0.397 forward+backward
3.400 0 0.386 0.186 0.505 0.397 forward+backward
3.433 0 0.384 0.185 0.505 0.400 forward+backward
3.467 0 0.385 0.185 0.506 0.400 forward+backward
3.500 0 0.386 0.185 0.506 0.400 detection
3.533 0 0.385 0.185 0.506 0.400 forward+backward
3.567 0 0.384 0.185 0.505 0.400 forward+backward
3.600 0 0.386 0.186 0.505 0.397 forward+backward
3.633 0 0.386 0.186 0.505 0.397 forward+backward
3.667 0 0.384 0.185 0.505 0.400 forward+backward
3.700 0 0.385 0.183 0.507 0.401 forward+backward
3.733 0 0.385 0.183 0.509 0.404 forward+backward
3.767 0 0.385 0.183 0.509 0.404 forward+backward
3.800 0 0.385 0.183 0.507 0.401 forward+backward
3.833 0 0.384 0.185 0.505 0.400 forward+backward
3.867 0 0.386 0.186 0.505 0.397 forward+backward
3.900 0 0.386 0.186 0.505 0.397 forward+backward
3.933 0 0.384 0.185 0.505 0.400 forward+backward
3.967 0 0.385 0.185 0.506 0.400 forward+backward
4.000 0 0.386 0.185 0.506 0.400 detection
4.033 0 0.385 0.185 0.506 0.400 forward+backward
4.067 0 0.384 0.185 0.505 0.400 forward+backward
4.100 0 0.386 0.186 0.505 0.397 forward+backward
4.133 0 0.386 0.186 0.505 0.397 forward+backward
4.167 0 0.384 0.185 0.505 0.400 forward+backward
4.200 0 0.385 0.183 0.507 0.401 forward+backward
4.233 0 0.385 0.183 0.509 0.404 forward+backward
4.267 0 0.385 0.183 0.509 0.404 forward+backward
4.300 0 0.385 0.183 0.507 0.401 forward+backward
4.333 0 0.384 0.185 0.505 0.400 forward+backward
4.367 0 0.386 0.186 0.505 0.397 forward+backward
4.400 0 0.386 0.186 0.505 0.397 forward+backward
4.433 0 0.384 0.185 0.505 0.400 forward+backward
4.467 0 0.385 0.185 0.506 0.400 forward+backward
4.500 0 0.386 0.185 0.506 0.400 detection
4.533 0 0.385 0.185 0.506 0.400 forward+backward
4.567 0 0.384 0.185 0.505 0.400 forward+backward
4.600 0 0.386 0.186 0.505 0.397 forward+backward
4.633 0 0.386 0.186 0.505 0.397 forward+backward
4.667 0 0.384 0.185 0.505 0.400 forward+backward
4.700 0 0.385 0.183 0.507 0.401 forward+backward
4.733 0 0.385 0.183 0.509 0.404 forward+backward
4.767 0 0.385 0.183 0.509 0.404 forward+backward
4.800 0 0.385 0.183 0.507 0.401 forward+backward
4.833 0 0.384 0.185 0.505 0.400 forward+backward
4.867 0 0.386 0.186 0.505 0.397 forward+backward
4.900 0 0.386 0.186 0.505 0.397 forward+backward
4.933 0 0.384 0.185 0.505 0.400 forward+backward
4.967 0 0.385 0.185 0.506 0.400 forward+backward
5.000 0 0.386 0.185 0.506 0.400 detection
5.033 0 0.381 0.169 0.516 0.410 forward+backward
5.067 0 0.376 0.171 0.507 0.406 forward+backward
5.100 0 0.381 0.171 0.513 0.406 forward+backward
5.133 0 0.376 0.171 0.507 0.406 forward+backward
5.167 0 0.380 0.169 0.514 0.408 forward+backward
5.200 0 0.376 0.171 0.507 0.406 forward+backward
5.233 0 0.380 0.169 0.512 0.406 forward+backward
5.267 0 0.379 0.171 0.512 0.408 forward+backward
5.300 0 0.379 0.169 0.512 0.407 forward+backward
5.333 0 0.376 0.171 0.506 0.403 forward+backward
5.367 0 0.383 0.174 0.512 0.404 forward+backward
5.400 0 0.374 0.176 0.506 0.412 forward+backward
5.433 0 0.378 0.175 0.512 0.414 forward+backward
5.467 0 0.376 0.176 0.510 0.415 forward+backward
5.500 0 0.366 0.164 0.512 0.422 detection
5.533 0 0.368 0.169 0.515 0.431 forward+backward
5.567 0 0.366 0.179 0.508 0.432 forward+backward
5.600 0 0.368 0.179 0.512 0.435 forward+backward
5.633 0 0.363 0.183 0.508 0.439 forward+backward
5.667 0 0.366 0.185 0.509 0.440 forward+backward
5.700 0 0.363 0.188 0.505 0.440 forward+backward
5.733 0 0.362 0.185 0.507 0.442 forward+backward
5.767 0 0.368 0.189 0.510 0.442 forward+backward
5.800 0 0.365 0.190 0.505 0.440 forward+backward
5.833 0 0.367 0.190 0.508 0.442 forward+backward
5.867 0 0.364 0.192 0.504 0.442 forward+backward
5.900 0 0.365 0.192 0.505 0.443 forward+backward
5.933 0 0.365 0.193 0.505 0.443 forward+backward
5.967 0 0.365 0.193 0.506 0.443 forward+backward
6.000 0 0.366 0.193 0.512 0.451 detection
6.033 0 0.374 0.200 0.507 0.436 forward+backward
6.067 0 0.372 0.199 0.505 0.436 forward+backward
6.100 0 0.374 0.200 0.507 0.436 forward+backward
6.133 0 0.373 0.200 0.503 0.433 forward+backward
6.167 0 0.371 0.201 0.504 0.438 forward+backward
6.200 0 0.369 0.203 0.501 0.438 forward+backward
6.233 0 0.372 0.204 0.503 0.436 forward+backward
6.267 0 0.365 0.203 0.496 0.436 forward+backward
6.300 0 0.370 0.201 0.503 0.438 forward+backward
6.333 0 0.369 0.197 0.502 0.435 forward+backward
6.367 0 0.366 0.193 0.500 0.431 forward+backward
6.400 0 0.366 0.188 0.502 0.428 forward+backward
6.433 0 0.366 0.186 0.502 0.429 forward+backward
6.467 0 0.365 0.179 0.503 0.424 forward+backward
6.500 0 0.372 0.185 0.493 0.400 detection
6.533 0 0.367 0.167 0.498 0.400 forward+backward
6.567 0 0.368 0.161 0.501 0.399 forward+backward
6.600 0 0.368 0.163 0.501 0.397 forward+backward
6.633 0 0.370 0.161 0.500 0.393 forward+backward
6.667 0 0.370 0.157 0.502 0.392 forward+backward
6.700 0 0.371 0.157 0.502 0.389 forward+backward
6.733 0 0.370 0.154 0.502 0.389 forward+backward
6.767 0 0.370 0.157 0.500 0.386 forward+backward
6.800 0 0.373 0.154 0.504 0.388 forward+backward
6.833 0 0.373 0.154 0.502 0.385 forward+backward
6.867 0 0.371 0.156 0.498 0.382 forward+backward
6.900 0 0.376 0.156 0.505 0.385 forward+backward
6.933 0 0.372 0.154 0.502 0.385 forward+backward
6.967 0 0.374 0.156 0.501 0.382 forward+backward
7.000 0 0.366 0.136 0.512 0.394 detection
7.033 0 0.373 0.151 0.505 0.386 forward+backward
7.067 0 0.378 0.150 0.512 0.389 forward+backward
7.100 0 0.375 0.151 0.506 0.385 forward+backward
7.133 0 0.380 0.150 0.513 0.388 forward+backward
7.167 0 0.375 0.151 0.508 0.388 forward+backward
7.200 0 0.377 0.153 0.509 0.388 forward+backward
7.233 0 0.377 0.154 0.508 0.388 forward+backward
7.267 0 0.376 0.153 0.507 0.388 forward+backward
7.300 0 0.379 0.154 0.511 0.389 forward+backward
7.333 0 0.377 0.154 0.509 0.390 forward+backward
7.367 0 0.380 0.158 0.512 0.392 forward+backward
7.400 0 0.377 0.161 0.510 0.400 forward+backward
7.433 0 0.377 0.163 0.509 0.399 forward+backward
7.467 0 0.378 0.165 0.511 0.403 forward+backward
7.500 0 0.386 0.185 0.506 0.400 detection
7.533 0 0.379 0.175 0.513 0.414 forward+backward
7.567 0 0.379 0.179 0.513 0.419 forward+backward
7.600 0 0.379 0.178 0.516 0.422 forward+backward
7.633 0 0.382 0.185 0.516 0.422 forward+backward
7.667 0 0.380 0.190 0.512 0.426 forward+backward
7.700 0 0.382 0.193 0.515 0.429 forward+backward
7.733 0 0.377 0.192 0.511 0.429 forward+backward
7.767 0 0.380 0.190 0.514 0.431 forward+backward
7.800 0 0.376 0.189 0.510 0.429 forward+backward
7.833 0 0.377 0.186 0.512 0.428 forward+backward
7.867 0 0.376 0.183 0.510 0.424 forward+backward
7.900 0 0.375 0.181 0.509 0.419 forward+backward
7.933 0 0.375 0.181 0.509 0.419 forward+backward
7.967 0 0.374 0.178 0.508 0.417 forward+backward
8.000 0 0.366 0.164 0.512 0.422 detection
8.033 0 0.372 0.168 0.515 0.422 forward+backward
8.067 0 0.368 0.165 0.511 0.419 forward+backward
8.100 0 0.369 0.164 0.514 0.421 forward+backward
8.133 0 0.368 0.163 0.513 0.419 forward+backward
8.167 0 0.367 0.161 0.512 0.419 forward+backward
8.200 0 0.366 0.160 0.512 0.419 forward+backward
8.233 0 0.365 0.160 0.511 0.419 forward+backward
8.267 0 0.366 0.160 0.513 0.421 forward+backward
8.300 0 0.364 0.160 0.510 0.419 forward+backward
8.333 0 0.366 0.163 0.511 0.419 forward+backward
8.367 0 0.362 0.163 0.507 0.419 forward+backward
8.400 0 0.364 0.163 0.508 0.418 forward+backward
8.433 0 0.366 0.163 0.510 0.419 forward+backward
8.467 0 0.362 0.161 0.506 0.419 forward+backward
8.500 0 0.366 0.164 0.512 0.422 detection
8.533 0 0.370 0.163 0.516 0.424 forward
8.567 0 0.366 0.163 0.512 0.422 forward
8.600 0 0.366 0.163 0.513 0.422 forward
8.633 0 0.367 0.163 0.513 0.422 forward
8.667 0 0.368 0.163 0.515 0.424 forward
8.700 0 0.369 0.164 0.516 0.426 forward
8.133 1 -0.070 0.485 0.059 0.689 backward
8.167 1 -0.063 0.496 0.067 0.704 backward
8.200 1 -0.062 0.511 0.070 0.721 backward
8.233 1 -0.049 0.524 0.082 0.732 backward
8.267 1 -0.052 0.525 0.079 0.733 backward
8.300 1 -0.041 0.532 0.089 0.740 backward
8.333 1 -0.042 0.537 0.088 0.746 backward
8.367 1 -0.038 0.535 0.097 0.750 backward
8.400 1 -0.033 0.532 0.101 0.744 backward
8.433 1 -0.039 0.528 0.101 0.749 backward
8.467 1 -0.034 0.525 0.102 0.742 backward
8.500 1 -0.031 0.519 0.103 0.733 detection
8.533 1 -0.029 0.514 0.104 0.725 forward
8.567 1 -0.026 0.510 0.107 0.722 forward
8.600 1 -0.033 0.504 0.105 0.724 forward
8.633 1 -0.030 0.508 0.105 0.724 forward
8.667 1 -0.035 0.508 0.103 0.729 forward
8.700 1 -0.038 0.512 0.103 0.736 forward
8.733 2 0.386 0.210 0.504 0.422 backward
8.767 2 0.386 0.211 0.504 0.421 backward
8.800 2 0.387 0.211 0.503 0.419 backward
8.833 2 0.387 0.212 0.500 0.415 backward
8.867 2 0.390 0.211 0.505 0.418 backward
8.900 2 0.385 0.211 0.498 0.415 backward
8.933 2 0.391 0.212 0.506 0.418 backward
8.967 2 0.384 0.211 0.502 0.421 backward
9.000 2 0.386 0.208 0.506 0.424 detection
9.033 2 0.388 0.211 0.506 0.422 forward+backward
9.067 2 0.386 0.211 0.503 0.421 forward+backward
9.100 2 0.386 0.208 0.507 0.425 forward+backward
9.133 2 0.386 0.208 0.506 0.424 forward+backward
9.167 2 0.386 0.208 0.506 0.424 forward+backward
9.200 2 0.386 0.208 0.506 0.424 forward+backward
9.233 2 0.386 0.208 0.506 0.425 forward+backward
9.267 2 0.386 0.211 0.502 0.421 forward+backward
9.300 2 0.388 0.211 0.505 0.421 forward+backward
9.333 2 0.389 0.211 0.505 0.419 forward+backward
9.367 2 0.389 0.212 0.505 0.419 forward+backward
9.400 2 0.386 0.211 0.504 0.421 forward+backward
9.433 2 0.389 0.210 0.507 0.422 forward+backward
9.467 2 0.386 0.208 0.507 0.424 forward+backward
9.500 2 0.386 0.208 0.506 0.424 detection
9.533 2 0.389 0.219 0.497 0.412 forward+backward
9.567 2 0.389 0.219 0.498 0.414 forward+backward
9.600 2 0.385 0.218 0.495 0.414 forward+backward
9.633 2 0.388 0.218 0.498 0.414 forward+backward
9.667 2 0.385 0.217 0.496 0.415 forward+backward
9.700 2 0.389 0.218 0.498 0.414 forward+backward
9.733 2 0.388 0.217 0.498 0.414 forward+backward
9.767 2 0.387 0.215 0.498 0.417 forward+backward
9.800 2 0.390 0.214 0.503 0.417 forward+backward
9.833 2 0.390 0.214 0.503 0.417 forward+backward
9.867 2 0.391 0.214 0.502 0.415 forward+backward
9.900 2 0.391 0.215 0.504 0.417 forward+backward
9.933 2 0.387 0.210 0.504 0.419 forward+backward
9.967 2 0.390 0.210 0.508 0.421 forward+backward
10.000 2 0.386 0.208 0.506 0.424 detection
10.033 2 0.388 0.207 0.502 0.411 forward+backward
10.067 2 0.388 0.210 0.500 0.410 forward+backward
10.100 2 0.388 0.208 0.502 0.411 forward+backward
10.133 2 0.387 0.210 0.498 0.410 forward+backward
10.167 2 0.386 0.210 0.499 0.411 forward+backward
10.200 2 0.384 0.211 0.495 0.408 forward+backward
10.233 2 0.381 0.208 0.495 0.410 forward+backward
10.267 2 0.384 0.208 0.498 0.411 forward+backward
10.300 2 0.382 0.210 0.492 0.406 forward+backward
10.333 2 0.384 0.207 0.499 0.411 forward+backward
10.367 2 0.380 0.207 0.495 0.411 forward+backward
10.400 2 0.384 0.211 0.495 0.408 forward+backward
10.433 2 0.385 0.212 0.495 0.407 forward+backward
10.467 2 0.385 0.211 0.495 0.407 forward+backward
10.500 2 0.388 0.212 0.489 0.392 detection
10.533 2 0.388 0.212 0.489 0.392 forward
10.567 3 0.357 0.160 0.506 0.424 backward
10.600 3 0.360 0.158 0.510 0.425 backward
10.633 3 0.357 0.160 0.505 0.424 backward
10.667 3 0.355 0.160 0.503 0.424 backward
10.700 3 0.359 0.160 0.506 0.422 backward
10.733 3 0.359 0.160 0.506 0.422 backward
10.767 3 0.355 0.160 0.503 0.424 backward
10.800 3 0.359 0.161 0.506 0.422 backward
10.833 3 0.356 0.160 0.504 0.424 backward
10.867 3 0.359 0.160 0.508 0.424 backward
10.900 3 0.356 0.158 0.505 0.424 backward
10.933 3 0.359 0.156 0.512 0.428 backward
10.967 3 0.354 0.160 0.508 0.433 backward
11.000 3 0.350 0.164 0.495 0.422 detection
11.033 3 0.342 0.161 0.487 0.419 forward
11.067 3 0.344 0.167 0.487 0.421 forward
11.100 3 0.339 0.165 0.484 0.422 forward
11.133 3 0.335 0.165 0.481 0.425 forward
11.167 3 0.331 0.167 0.477 0.425 forward
10.567 4 0.031 0.539 0.153 0.756 backward
10.600 4 0.031 0.539 0.153 0.756 backward
10.633 4 0.031 0.540 0.152 0.756 backward
10.667 4 0.031 0.540 0.152 0.756 backward
10.700 4 0.032 0.540 0.154 0.757 backward
10.733 4 0.034 0.542 0.155 0.757 backward
10.767 4 0.034 0.542 0.154 0.757 backward
10.800 4 0.034 0.542 0.155 0.757 backward
10.833 4 0.034 0.542 0.155 0.757 backward
10.867 4 0.030 0.539 0.155 0.761 backward
10.900 4 0.037 0.542 0.163 0.765 backward
10.933 4 0.032 0.542 0.155 0.760 backward
10.967 4 0.037 0.542 0.161 0.761 backward
11.000 4 0.036 0.543 0.157 0.758 detection
11.033 4 0.030 0.544 0.159 0.760 forward+backward
11.067 4 0.031 0.543 0.160 0.760 forward+backward
11.100 4 0.030 0.544 0.159 0.760 forward+backward
11.133 4 0.031 0.544 0.159 0.760 forward+backward
11.167 4 0.027 0.543 0.155 0.758 forward+backward
11.200 4 0.028 0.542 0.157 0.757 forward+backward
11.233 4 0.024 0.540 0.153 0.756 forward+backward
11.267 4 0.024 0.539 0.153 0.756 forward+backward
11.300 4 0.022 0.535 0.152 0.754 forward+backward
11.333 4 0.017 0.531 0.149 0.751 forward+backward
11.367 4 0.013 0.526 0.146 0.749 forward+backward
11.400 4 0.005 0.521 0.137 0.743 forward+backward
11.433 4 0.007 0.521 0.138 0.742 forward+backward
11.467 4 -0.002 0.524 0.127 0.740 forward+backward
11.500 4 -0.017 0.519 0.117 0.733 detection
11.533 4 -0.029 0.515 0.102 0.724 forward
11.567 4 -0.037 0.515 0.096 0.728 forward
11.600 4 -0.035 0.512 0.101 0.729 forward
11.633 4 -0.046 0.510 0.091 0.726 forward
11.033 5 0.365 0.181 0.482 0.390 backward
11.067 5 0.358 0.178 0.477 0.389 backward
11.100 5 0.359 0.178 0.478 0.390 backward
11.133 5 0.355 0.179 0.474 0.390 backward
11.167 5 0.351 0.183 0.470 0.396 backward
11.200 5 0.343 0.179 0.465 0.394 backward
11.233 5 0.336 0.181 0.458 0.397 backward
11.267 5 0.342 0.182 0.463 0.397 backward
11.300 5 0.338 0.185 0.459 0.397 backward
11.333 5 0.334 0.183 0.455 0.399 backward
11.367 5 0.338 0.192 0.455 0.397 backward
11.400 5 0.330 0.186 0.450 0.399 backward
11.433 5 0.335 0.186 0.455 0.399 backward
11.467 5 0.332 0.185 0.453 0.400 backward
11.500 5 0.332 0.185 0.453 0.400 detection
11.533 5 0.336 0.186 0.456 0.400 forward
11.567 5 0.334 0.185 0.454 0.400 forward
11.600 5 0.334 0.186 0.454 0.400 forward
11.633 5 0.334 0.185 0.454 0.400 forward
11.667 5 0.334 0.186 0.455 0.400 forward
11.700 5 0.335 0.186 0.455 0.401 forward
11.733 5 0.336 0.188 0.456 0.401 forward
11.767 5 0.339 0.188 0.459 0.401 forward
11.800 5 0.333 0.181 0.458 0.403 forward
11.833 6 0.387 0.208 0.506 0.424 backward
11.867 6 0.386 0.208 0.506 0.424 backward
11.900 6 0.386 0.208 0.506 0.424 backward
11.933 6 0.386 0.208 0.506 0.424 backward
11.967 6 0.386 0.208 0.506 0.424 backward
12.000 6 0.386 0.208 0.506 0.424 detection
12.033 6 0.383 0.200 0.502 0.414 forward+backward
12.067 6 0.383 0.200 0.501 0.411 forward+backward
12.100 6 0.385 0.201 0.503 0.412 forward+backward
12.133 6 0.382 0.200 0.499 0.411 forward+backward
12.167 6 0.385 0.201 0.503 0.412 forward+backward
12.200 6 0.381 0.200 0.500 0.411 forward+backward
12.233 6 0.384 0.201 0.503 0.412 forward+backward
12.267 6 0.382 0.200 0.502 0.414 forward+backward
12.300 6 0.382 0.199 0.503 0.414 forward+backward
12.333 6 0.384 0.199 0.503 0.414 forward+backward
12.367 6 0.384 0.197 0.505 0.412 forward+backward
12.400 6 0.386 0.197 0.506 0.412 forward+backward
12.433 6 0.386 0.197 0.505 0.411 forward+backward
12.467 6 0.388 0.196 0.508 0.411 forward+backward
12.500 6 0.386 0.185 0.506 0.400 detection
12.533 6 0.395 0.199 0.507 0.397 forward+backward
12.567 6 0.395 0.197 0.506 0.397 forward+backward
12.600 6 0.396 0.197 0.507 0.396 forward+backward
12.633 6 0.398 0.197 0.508 0.394 forward+backward
12.667 6 0.398 0.199 0.509 0.394 forward+backward
12.700 6 0.397 0.201 0.503 0.392 forward+backward
12.733 6 0.398 0.200 0.507 0.394 forward+backward
12.767 6 0.394 0.200 0.503 0.396 forward+backward
12.800 6 0.391 0.201 0.500 0.394 forward+backward
12.833 6 0.391 0.201 0.498 0.394 forward+backward
12.867 6 0.390 0.201 0.497 0.393 forward+backward
12.900 6 0.391 0.203 0.498 0.393 forward+backward
12.933 6 0.391 0.201 0.498 0.394 forward+backward
12.967 6 0.391 0.199 0.502 0.394 forward+backward
13.000 6 0.399 0.212 0.500 0.392 detection
13.033 6 0.399 0.208 0.498 0.386 forward+backward
13.067 6 0.402 0.208 0.502 0.386 forward+backward
13.100 6 0.398 0.211 0.498 0.388 forward+backward
13.133 6 0.395 0.212 0.495 0.390 forward+backward
13.167 6 0.391 0.214 0.492 0.392 forward+backward
13.200 6 0.387 0.212 0.487 0.393 forward+backward
13.233 6 0.390 0.214 0.490 0.393 forward+backward
13.267 6 0.386 0.215 0.487 0.397 forward+backward
13.300 6 0.387 0.218 0.489 0.400 forward+backward
13.333 6 0.383 0.219 0.484 0.399 forward+backward
13.367 6 0.380 0.221 0.480 0.399 forward+backward
13.400 6 0.384 0.221 0.484 0.399 forward+backward
13.433 6 0.380 0.221 0.480 0.399 forward+backward
13.467 6 0.386 0.222 0.486 0.400 forward+backward
13.500 6 0.388 0.212 0.489 0.392 detection
13.533 6 0.390 0.207 0.490 0.385 forward
13.567 6 0.390 0.207 0.491 0.388 forward
13.600 6 0.394 0.206 0.495 0.385 forward
13.633 6 0.386 0.199 0.487 0.379 forward
13.667 6 0.385 0.199 0.484 0.374 forward
13.700 6 0.380 0.197 0.477 0.371 forward
13.733 6 0.384 0.200 0.480 0.371 forward
13.767 6 0.379 0.197 0.475 0.369 forward
13.800 6 0.383 0.197 0.480 0.369 forward
13.833 6 0.384 0.199 0.480 0.369 forward
13.867 6 0.391 0.197 0.489 0.372 forward
13.900 6 0.387 0.197 0.486 0.372 forward
13.933 6 0.395 0.200 0.493 0.374 forward
13.967 6 0.402 0.199 0.502 0.376 forward
