0.000 0 0.298 0.133 0.399 0.312 detection
0.040 0 0.298 0.133 0.399 0.312 forward+backward
0.080 0 0.298 0.133 0.399 0.312 forward+backward
0.120 0 0.298 0.133 0.399 0.312 forward+backward
0.160 0 0.298 0.133 0.399 0.312 forward+backward
0.200 0 0.298 0.133 0.399 0.312 forward+backward
0.240 0 0.298 0.133 0.399 0.312 forward+backward
0.280 0 0.298 0.133 0.399 0.312 forward+backward
0.320 0 0.298 0.133 0.399 0.312 forward+backward
0.360 0 0.298 0.133 0.399 0.312 forward+backward
0.400 0 0.298 0.133 0.399 0.312 forward+backward
0.440 0 0.298 0.133 0.399 0.312 forward+backward
0.480 0 0.298 0.133 0.399 0.312 detection
0.520 0 0.298 0.133 0.399 0.312 forward+backward
0.560 0 0.298 0.133 0.399 0.312 forward+backward
0.600 0 0.298 0.133 0.399 0.312 forward+backward
0.640 0 0.298 0.133 0.399 0.312 forward+backward
0.680 0 0.298 0.133 0.399 0.312 forward+backward
0.720 0 0.298 0.133 0.399 0.312 forward+backward
0.760 0 0.298 0.133 0.399 0.312 forward+backward
0.800 0 0.298 0.133 0.399 0.312 forward+backward
0.840 0 0.298 0.133 0.399 0.312 forward+backward
0.880 0 0.298 0.133 0.399 0.312 forward+backward
0.920 0 0.298 0.133 0.399 0.312 forward+backward
0.960 0 0.298 0.133 0.399 0.312 detection
1.000 0 0.298 0.133 0.399 0.312 forward+backward
1.040 0 0.298 0.133 0.399 0.312 forward+backward
1.080 0 0.298 0.133 0.399 0.312 forward+backward
1.120 0 0.298 0.133 0.399 0.312 forward+backward
1.160 0 0.298 0.133 0.399 0.312 forward+backward
1.200 0 0.298 0.133 0.399 0.312 forward+backward
1.240 0 0.298 0.133 0.399 0.312 forward+backward
1.280 0 0.298 0.133 0.399 0.312 forward+backward
1.320 0 0.298 0.133 0.399 0.312 forward+backward
1.360 0 0.298 0.133 0.399 0.312 forward+backward
1.400 0 0.298 0.133 0.399 0.312 forward+backward
1.440 0 0.298 0.133 0.399 0.312 detection
1.480 0 0.298 0.133 0.399 0.312 forward+backward
1.520 0 0.298 0.133 0.399 0.312 forward+backward
1.560 0 0.298 0.133 0.399 0.312 forward+backward
1.600 0 0.298 0.133 0.399 0.312 forward+backward
1.640 0 0.298 0.133 0.399 0.312 forward+backward
1.680 0 0.298 0.133 0.399 0.312 forward+backward
1.720 0 0.298 0.133 0.399 0.312 forward+backward
1.760 0 0.298 0.133 0.399 0.312 forward+backward
1.800 0 0.298 0.133 0.399 0.312 forward+backward
1.840 0 0.298 0.133 0.399 0.312 forward+backward
1.880 0 0.298 0.133 0.399 0.312 forward+backward
1.920 0 0.298 0.133 0.399 0.312 detection
1.960 0 0.299 0.133 0.400 0.312 forward+backward
2.000 0 0.299 0.133 0.400 0.312 forward+backward
2.040 0 0.299 0.133 0.400 0.312 forward+backward
2.080 0 0.299 0.133 0.400 0.312 forward+backward
2.120 0 0.299 0.133 0.400 0.312 forward+backward
2.160 0 0.299 0.133 0.400 0.312 forward+backward
2.200 0 0.298 0.133 0.400 0.312 forward+backward
2.240 0 0.298 0.133 0.399 0.312 forward+backward
2.280 0 0.298 0.133 0.399 0.314 forward+backward
2.320 0 0.298 0.133 0.400 0.315 forward+backward
2.360 0 0.298 0.132 0.401 0.314 forward+backward
2.400 0 0.298 0.133 0.399 0.312 detection
2.440 0 0.298 0.133 0.399 0.312 forward
2.480 0 0.298 0.133 0.399 0.312 forward
2.520 0 0.298 0.133 0.399 0.312 forward
2.560 0 0.298 0.128 0.405 0.317 forward
2.600 0 0.298 0.125 0.405 0.317 forward
2.640 0 0.304 0.124 0.411 0.312 forward
2.680 0 0.308 0.122 0.415 0.312 forward
2.720 0 0.308 0.122 0.413 0.308 forward
0.000 1 0.646 0.592 0.747 0.771 detection
0.040 1 0.641 0.586 0.746 0.774 forward+backward
0.080 1 0.647 0.588 0.751 0.774 forward+backward
0.120 1 0.641 0.586 0.746 0.774 forward+backward
0.160 1 0.647 0.589 0.752 0.775 forward+backward
0.200 1 0.641 0.586 0.746 0.774 forward+backward
0.240 1 0.647 0.588 0.752 0.774 forward+backward
0.280 1 0.641 0.586 0.746 0.774 forward+backward
0.320 1 0.647 0.589 0.752 0.775 forward+backward
0.360 1 0.641 0.586 0.746 0.774 forward+backward
0.400 1 0.647 0.588 0.751 0.774 forward+backward
0.440 1 0.641 0.586 0.746 0.774 forward+backward
0.480 1 0.646 0.592 0.747 0.771 detection
0.520 1 0.641 0.586 0.746 0.774 forward+backward
0.560 1 0.647 0.588 0.751 0.774 forward+backward
0.600 1 0.641 0.586 0.746 0.774 forward+backward
0.640 1 0.647 0.589 0.752 0.775 forward+backward
0.680 1 0.641 0.586 0.746 0.774 forward+backward
0.720 1 0.647 0.588 0.752 0.774 forward+backward
0.760 1 0.641 0.586 0.746 0.774 forward+backward
0.800 1 0.647 0.589 0.752 0.775 forward+backward
0.840 1 0.641 0.586 0.746 0.774 forward+backward
0.880 1 0.647 0.588 0.751 0.774 forward+backward
0.920 1 0.641 0.586 0.746 0.774 forward+backward
0.960 1 0.646 0.592 0.747 0.771 detection
1.000 1 0.641 0.586 0.746 0.774 forward+backward
1.040 1 0.647 0.588 0.751 0.774 forward+backward
1.080 1 0.641 0.586 0.746 0.774 forward+backward
1.120 1 0.647 0.589 0.752 0.775 forward+backward
1.160 1 0.641 0.586 0.746 0.774 forward+backward
1.200 1 0.647 0.588 0.752 0.774 forward+backward
1.240 1 0.641 0.586 0.746 0.774 forward+backward
1.280 1 0.647 0.589 0.752 0.775 forward+backward
1.320 1 0.641 0.586 0.746 0.774 forward+backward
1.360 1 0.647 0.588 0.751 0.774 forward+backward
1.400 1 0.641 0.586 0.746 0.774 forward+backward
1.440 1 0.646 0.592 0.747 0.771 detection
1.480 1 0.641 0.586 0.746 0.774 forward+backward
1.520 1 0.647 0.588 0.751 0.774 forward+backward
1.560 1 0.641 0.586 0.746 0.774 forward+backward
1.600 1 0.647 0.589 0.752 0.775 forward+backward
1.640 1 0.641 0.586 0.746 0.774 forward+backward
1.680 1 0.647 0.588 0.752 0.774 forward+backward
1.720 1 0.641 0.586 0.746 0.774 forward+backward
1.760 1 0.647 0.589 0.752 0.775 forward+backward
1.800 1 0.641 0.586 0.746 0.774 forward+backward
1.840 1 0.647 0.588 0.751 0.774 forward+backward
1.880 1 0.641 0.586 0.746 0.774 forward+backward
1.920 1 0.646 0.592 0.747 0.771 detection
1.960 1 0.645 0.590 0.746 0.772 forward+backward
2.000 1 0.646 0.590 0.748 0.772 forward+backward
2.040 1 0.643 0.589 0.746 0.772 forward+backward
2.080 1 0.646 0.590 0.749 0.772 forward+backward
2.120 1 0.643 0.589 0.746 0.772 forward+backward
2.160 1 0.646 0.590 0.749 0.772 forward+backward
2.200 1 0.644 0.590 0.746 0.772 forward+backward
2.240 1 0.646 0.590 0.750 0.774 forward+backward
2.280 1 0.644 0.590 0.746 0.772 forward+backward
2.320 1 0.646 0.590 0.750 0.774 forward+backward
2.360 1 0.644 0.589 0.746 0.772 forward+backward
2.400 1 0.646 0.592 0.747 0.771 detection
2.440 1 0.637 0.581 0.748 0.778 forward+backward
2.480 1 0.637 0.579 0.748 0.778 forward+backward
2.520 1 0.637 0.579 0.748 0.778 forward+backward
2.560 1 0.637 0.579 0.748 0.776 forward+backward
2.600 1 0.637 0.579 0.748 0.776 forward+backward
2.640 1 0.637 0.579 0.748 0.776 forward+backward
2.680 1 0.637 0.579 0.748 0.776 forward+backward
2.720 1 0.637 0.579 0.748 0.776 forward+backward
2.760 1 0.637 0.579 0.745 0.772 forward+backward
2.800 1 0.638 0.579 0.748 0.774 forward+backward
2.840 1 0.634 0.578 0.745 0.775 forward+backward
2.880 1 0.627 0.567 0.748 0.782 detection
2.920 1 0.627 0.556 0.751 0.776 forward+backward
2.960 1 0.627 0.556 0.751 0.776 forward+backward
3.000 1 0.627 0.556 0.751 0.776 forward+backward
3.040 1 0.627 0.556 0.751 0.776 forward+backward
3.080 1 0.627 0.556 0.751 0.776 forward+backward
3.120 1 0.627 0.556 0.751 0.776 forward+backward
3.160 1 0.625 0.554 0.750 0.778 forward+backward
3.200 1 0.628 0.558 0.751 0.776 forward+backward
3.240 1 0.623 0.556 0.748 0.776 forward+backward
3.280 1 0.623 0.556 0.745 0.772 forward+backward
3.320 1 0.616 0.554 0.739 0.771 forward+backward
3.360 1 0.614 0.543 0.735 0.758 detection
3.400 1 0.609 0.544 0.733 0.765 forward+backward
3.440 1 0.608 0.544 0.728 0.758 forward+backward
3.480 1 0.604 0.544 0.723 0.756 forward+backward
3.520 1 0.605 0.543 0.724 0.754 forward+backward
3.560 1 0.602 0.542 0.722 0.753 forward+backward
3.600 1 0.603 0.539 0.724 0.754 forward+backward
3.640 1 0.603 0.539 0.723 0.753 forward+backward
3.680 1 0.604 0.539 0.724 0.753 forward+backward
3.720 1 0.604 0.539 0.724 0.753 forward+backward
3.760 1 0.602 0.537 0.723 0.754 forward+backward
3.800 1 0.604 0.539 0.725 0.754 forward+backward
3.840 1 0.601 0.543 0.722 0.758 detection
3.880 1 0.601 0.544 0.722 0.758 forward+backward
3.920 1 0.601 0.544 0.721 0.758 forward+backward
3.960 1 0.600 0.543 0.721 0.758 forward+backward
4.000 1 0.600 0.544 0.721 0.758 forward+backward
4.040 1 0.600 0.543 0.721 0.758 forward+backward
4.080 1 0.600 0.543 0.721 0.758 forward+backward
4.120 1 0.600 0.543 0.721 0.758 forward+backward
4.160 1 0.600 0.543 0.721 0.758 forward+backward
4.200 1 0.598 0.542 0.721 0.760 forward+backward
4.240 1 0.601 0.542 0.724 0.760 forward+backward
4.280 1 0.598 0.542 0.721 0.760 forward+backward
4.320 1 0.601 0.543 0.722 0.758 detection
4.360 1 0.598 0.528 0.723 0.750 forward+backward
4.400 1 0.597 0.526 0.724 0.753 forward+backward
4.440 1 0.598 0.528 0.726 0.754 forward+backward
4.480 1 0.597 0.526 0.726 0.754 forward+backward
4.520 1 0.598 0.526 0.726 0.754 forward+backward
4.560 1 0.597 0.525 0.725 0.753 forward+backward
4.600 1 0.597 0.524 0.726 0.753 forward+backward
4.640 1 0.597 0.525 0.725 0.751 forward+backward
4.680 1 0.598 0.526 0.726 0.753 forward+backward
4.720 1 0.598 0.528 0.723 0.749 forward+backward
4.760 1 0.601 0.528 0.726 0.749 forward+backward
4.800 1 0.601 0.519 0.722 0.733 detection
4.840 1 0.609 0.526 0.721 0.726 forward+backward
4.880 1 0.609 0.528 0.722 0.726 forward+backward
4.920 1 0.611 0.529 0.723 0.728 forward+backward
4.960 1 0.613 0.531 0.725 0.731 forward+backward
5.000 1 0.614 0.531 0.727 0.731 forward+backward
5.040 1 0.616 0.532 0.729 0.733 forward+backward
5.080 1 0.617 0.533 0.730 0.735 forward+backward
5.120 1 0.620 0.536 0.730 0.732 forward+backward
5.160 1 0.621 0.537 0.732 0.735 forward+backward
5.200 1 0.623 0.539 0.733 0.735 forward+backward
5.240 1 0.623 0.542 0.734 0.736 forward+backward
5.280 1 0.634 0.551 0.735 0.731 detection
5.320 1 0.633 0.561 0.734 0.742 forward+backward
5.360 1 0.633 0.561 0.734 0.742 forward+backward
5.400 1 0.633 0.562 0.734 0.744 forward+backward
5.440 1 0.634 0.565 0.735 0.746 forward+backward
5.480 1 0.634 0.567 0.735 0.747 forward+backward
5.520 1 0.634 0.567 0.736 0.747 forward+backward
5.560 1 0.635 0.568 0.736 0.747 forward+backward
5.600 1 0.637 0.571 0.738 0.750 forward+backward
5.640 1 0.638 0.574 0.739 0.751 forward+backward
5.680 1 0.642 0.576 0.742 0.754 forward+backward
5.720 1 0.644 0.579 0.745 0.758 forward+backward
5.760 1 0.646 0.592 0.747 0.771 detection
5.800 1 0.648 0.594 0.752 0.776 forward
2.680 2 0.304 0.149 0.406 0.331 backward
2.720 2 0.307 0.147 0.409 0.329 backward
2.760 2 0.305 0.146 0.409 0.329 backward
2.800 2 0.308 0.144 0.412 0.329 backward
2.840 2 0.309 0.147 0.412 0.329 backward
2.880 2 0.310 0.153 0.411 0.332 detection
2.920 2 0.308 0.157 0.411 0.340 forward
2.960 2 0.310 0.168 0.411 0.347 forward
3.000 2 0.312 0.183 0.412 0.360 forward
3.120 2 0.307 0.243 0.406 0.421 backward
3.160 2 0.307 0.260 0.408 0.439 backward
3.200 2 0.310 0.276 0.407 0.450 backward
3.240 2 0.302 0.275 0.400 0.449 backward
3.280 2 0.302 0.268 0.402 0.446 backward
3.320 2 0.298 0.263 0.397 0.438 backward
3.360 2 0.298 0.253 0.399 0.432 detection
3.400 2 0.299 0.256 0.400 0.435 forward+backward
3.440 2 0.297 0.251 0.397 0.429 forward+backward
3.480 2 0.299 0.253 0.400 0.431 forward+backward
3.520 2 0.298 0.254 0.397 0.431 forward+backward
3.560 2 0.300 0.254 0.399 0.431 forward+backward
3.600 2 0.297 0.251 0.399 0.433 forward+backward
3.640 2 0.297 0.253 0.398 0.433 forward+backward
3.680 2 0.299 0.253 0.399 0.431 forward+backward
3.720 2 0.298 0.253 0.398 0.431 forward+backward
3.760 2 0.298 0.251 0.398 0.429 forward+backward
3.800 2 0.296 0.249 0.398 0.431 forward+backward
3.840 2 0.298 0.253 0.399 0.432 detection
3.880 2 0.295 0.246 0.403 0.439 forward+backward
3.920 2 0.295 0.244 0.405 0.440 forward+backward
3.960 2 0.296 0.247 0.403 0.436 forward+backward
4.000 2 0.295 0.243 0.405 0.439 forward+backward
4.040 2 0.296 0.244 0.403 0.435 forward+backward
4.080 2 0.300 0.246 0.406 0.435 forward+backward
4.120 2 0.295 0.243 0.403 0.436 forward+backward
4.160 2 0.298 0.242 0.407 0.438 forward+backward
4.200 2 0.297 0.242 0.405 0.433 forward+backward
4.240 2 0.301 0.244 0.407 0.433 forward+backward
4.280 2 0.297 0.243 0.405 0.435 forward+backward
4.320 2 0.291 0.232 0.412 0.447 detection
4.360 2 0.298 0.236 0.407 0.429 forward+backward
4.400 2 0.303 0.237 0.411 0.428 forward+backward
4.440 2 0.300 0.235 0.408 0.428 forward+backward
4.480 2 0.305 0.237 0.411 0.426 forward+backward
4.520 2 0.300 0.235 0.409 0.426 forward+backward
4.560 2 0.300 0.233 0.411 0.429 forward+backward
4.600 2 0.302 0.233 0.412 0.429 forward+backward
4.640 2 0.300 0.232 0.412 0.431 forward+backward
4.680 2 0.302 0.233 0.413 0.431 forward+backward
4.720 2 0.299 0.229 0.412 0.431 forward+backward
4.760 2 0.302 0.231 0.414 0.431 forward+backward
4.800 2 0.310 0.233 0.411 0.412 detection
4.840 2 0.306 0.221 0.417 0.419 forward+backward
4.880 2 0.302 0.219 0.415 0.419 forward+backward
4.920 2 0.307 0.219 0.420 0.421 forward+backward
4.960 2 0.306 0.219 0.417 0.418 forward+backward
5.000 2 0.312 0.221 0.422 0.417 forward+backward
5.040 2 0.310 0.221 0.420 0.418 forward+backward
5.080 2 0.314 0.219 0.425 0.418 forward+backward
5.120 2 0.314 0.218 0.427 0.419 forward+backward
5.160 2 0.316 0.219 0.428 0.418 forward+backward
5.200 2 0.321 0.221 0.432 0.417 forward+backward
5.240 2 0.324 0.221 0.432 0.414 forward+backward
5.280 2 0.319 0.208 0.439 0.424 detection
5.320 2 0.322 0.211 0.441 0.422 forward+backward
5.360 2 0.322 0.211 0.440 0.422 forward+backward
5.400 2 0.324 0.211 0.444 0.424 forward+backward
5.440 2 0.325 0.210 0.444 0.422 forward+backward
5.480 2 0.329 0.210 0.451 0.426 forward+backward
5.520 2 0.333 0.210 0.453 0.424 forward+backward
5.560 2 0.333 0.210 0.453 0.424 forward+backward
5.600 2 0.337 0.211 0.456 0.424 forward+backward
5.640 2 0.338 0.207 0.459 0.424 forward+backward
5.680 2 0.344 0.210 0.463 0.424 forward+backward
5.720 2 0.341 0.204 0.463 0.424 forward+backward
5.760 2 0.345 0.208 0.466 0.424 detection
5.800 2 0.347 0.206 0.473 0.431 forward
5.840 3 0.597 0.150 0.661 0.264 backward
5.880 3 0.595 0.151 0.659 0.264 backward
5.920 3 0.595 0.153 0.659 0.268 backward
5.960 3 0.596 0.156 0.662 0.272 backward
6.000 3 0.594 0.154 0.663 0.279 backward
6.040 3 0.595 0.156 0.665 0.281 backward
6.080 3 0.595 0.156 0.666 0.281 backward
6.120 3 0.597 0.158 0.666 0.281 backward
6.160 3 0.599 0.158 0.669 0.282 backward
6.200 3 0.601 0.161 0.669 0.282 backward
6.240 3 0.603 0.161 0.673 0.286 detection
6.280 3 0.608 0.158 0.674 0.276 forward+backward
6.320 3 0.609 0.160 0.675 0.275 forward+backward
6.360 3 0.609 0.161 0.675 0.279 forward+backward
6.400 3 0.613 0.164 0.679 0.282 forward+backward
6.440 3 0.611 0.167 0.677 0.286 forward+backward
6.480 3 0.614 0.168 0.681 0.287 forward+backward
6.520 3 0.613 0.169 0.679 0.287 forward+backward
6.560 3 0.613 0.169 0.680 0.286 forward+backward
6.600 3 0.613 0.169 0.679 0.286 forward+backward
6.640 3 0.613 0.169 0.679 0.287 forward+backward
6.680 3 0.613 0.169 0.680 0.287 forward+backward
6.720 3 0.620 0.168 0.677 0.272 detection
6.760 3 0.620 0.168 0.677 0.272 forward
6.800 3 0.620 0.169 0.677 0.272 forward
6.840 3 0.620 0.169 0.677 0.272 forward
6.880 3 0.621 0.169 0.679 0.272 forward
6.920 3 0.619 0.168 0.677 0.272 forward
6.960 3 0.621 0.169 0.678 0.272 forward
7.000 3 0.621 0.169 0.677 0.271 forward
5.840 4 0.266 0.204 0.351 0.353 backward
5.880 4 0.266 0.204 0.350 0.353 backward
5.920 4 0.266 0.204 0.350 0.353 backward
5.960 4 0.265 0.204 0.350 0.353 backward
6.000 4 0.265 0.204 0.350 0.353 backward
6.040 4 0.265 0.204 0.349 0.353 backward
6.080 4 0.265 0.204 0.349 0.353 backward
6.120 4 0.265 0.203 0.349 0.351 backward
6.160 4 0.263 0.203 0.347 0.350 backward
6.200 4 0.265 0.201 0.349 0.350 backward
6.240 4 0.264 0.200 0.347 0.347 backward
6.280 4 0.269 0.201 0.351 0.346 backward
6.320 4 0.264 0.200 0.346 0.344 backward
6.360 4 0.269 0.200 0.351 0.346 backward
6.400 4 0.264 0.199 0.348 0.346 backward
6.440 4 0.265 0.196 0.352 0.349 backward
6.480 4 0.266 0.196 0.352 0.349 backward
6.520 4 0.259 0.183 0.354 0.351 backward
6.560 4 0.266 0.190 0.356 0.349 backward
6.600 4 0.263 0.190 0.352 0.347 backward
6.640 4 0.267 0.194 0.352 0.343 backward
6.680 4 0.267 0.194 0.352 0.343 backward
6.720 4 0.267 0.194 0.352 0.343 detection
6.760 4 0.267 0.190 0.356 0.347 forward
6.800 4 0.265 0.192 0.352 0.346 forward
6.840 4 0.268 0.196 0.352 0.344 forward
6.880 4 0.269 0.196 0.352 0.344 forward
6.920 4 0.269 0.197 0.353 0.344 forward
6.960 4 0.269 0.197 0.353 0.346 forward
7.000 4 0.269 0.197 0.353 0.346 forward
7.040 5 0.316 0.217 0.417 0.396 backward
7.080 5 0.315 0.215 0.414 0.392 backward
7.120 5 0.310 0.214 0.409 0.389 backward
7.160 5 0.309 0.211 0.409 0.389 backward
7.200 5 0.310 0.212 0.411 0.392 detection
7.240 5 0.320 0.215 0.422 0.396 forward
7.280 5 0.326 0.221 0.431 0.407 forward
7.320 5 0.324 0.218 0.431 0.410 forward
7.480 5 0.368 0.232 0.467 0.408 backward
7.520 5 0.373 0.235 0.473 0.411 backward
7.560 5 0.378 0.236 0.477 0.411 backward
7.600 5 0.379 0.235 0.479 0.412 backward
7.640 5 0.378 0.235 0.479 0.412 backward
7.680 5 0.377 0.233 0.478 0.412 detection
7.720 5 0.375 0.231 0.477 0.412 forward
7.760 5 0.368 0.226 0.473 0.412 forward
7.800 5 0.366 0.224 0.472 0.411 forward
8.040 5 0.310 0.208 0.434 0.428 backward
8.080 5 0.305 0.210 0.426 0.425 backward
8.120 5 0.298 0.211 0.420 0.426 backward
8.160 5 0.291 0.208 0.412 0.424 detection
8.200 5 0.284 0.206 0.405 0.421 forward
8.240 5 0.280 0.208 0.402 0.424 forward
8.280 5 0.284 0.208 0.407 0.428 forward
8.320 5 0.278 0.207 0.401 0.425 forward
8.360 5 0.282 0.208 0.405 0.425 forward
8.400 5 0.286 0.206 0.409 0.425 forward
8.440 5 0.287 0.207 0.409 0.425 forward
8.480 5 0.292 0.214 0.409 0.421 forward
8.520 5 0.295 0.210 0.415 0.425 forward
8.560 5 0.291 0.206 0.413 0.424 forward
8.440 5 0.306 0.193 0.423 0.403 backward
8.480 5 0.309 0.189 0.428 0.401 backward
8.520 5 0.311 0.185 0.432 0.403 backward
8.560 5 0.316 0.188 0.433 0.397 backward
8.600 5 0.319 0.185 0.439 0.400 backward
8.640 5 0.319 0.185 0.439 0.400 detection
8.680 5 0.317 0.181 0.437 0.393 forward+backward
8.720 5 0.314 0.179 0.434 0.394 forward+backward
8.760 5 0.312 0.181 0.432 0.392 forward+backward
8.800 5 0.316 0.182 0.434 0.393 forward+backward
8.840 5 0.316 0.185 0.433 0.393 forward+backward
8.880 5 0.323 0.185 0.441 0.394 forward+backward
8.920 5 0.329 0.186 0.447 0.397 forward+backward
8.960 5 0.333 0.188 0.451 0.399 forward+backward
9.000 5 0.341 0.188 0.459 0.396 forward+backward
9.040 5 0.342 0.192 0.458 0.397 forward+backward
9.080 5 0.348 0.193 0.464 0.399 forward+backward
9.120 5 0.345 0.185 0.466 0.400 detection
9.160 5 0.346 0.186 0.468 0.403 forward
9.200 5 0.348 0.189 0.470 0.406 forward
9.240 5 0.345 0.189 0.467 0.406 forward
9.280 5 0.352 0.188 0.474 0.407 forward
9.320 5 0.342 0.181 0.470 0.408 forward
9.360 5 0.346 0.181 0.474 0.408 forward
9.400 5 0.338 0.174 0.466 0.401 forward
9.440 5 0.338 0.165 0.468 0.396 forward
9.480 5 0.327 0.189 0.451 0.408 backward
9.520 5 0.317 0.178 0.441 0.397 backward
9.560 5 0.310 0.169 0.430 0.382 backward
9.600 5 0.305 0.161 0.426 0.375 detection
9.640 5 0.298 0.157 0.419 0.368 forward
9.680 5 0.295 0.160 0.415 0.371 forward
9.720 5 0.297 0.164 0.414 0.372 forward
9.760 5 0.292 0.174 0.410 0.382 forward
9.800 5 0.291 0.185 0.409 0.392 forward
7.040 6 0.602 0.539 0.726 0.760 backward
7.080 6 0.602 0.540 0.725 0.760 backward
7.120 6 0.602 0.542 0.724 0.758 backward
7.160 6 0.605 0.546 0.724 0.756 backward
7.200 6 0.601 0.543 0.722 0.758 detection
7.240 6 0.591 0.529 0.724 0.764 forward+backward
7.280 6 0.591 0.529 0.723 0.765 forward+backward
7.320 6 0.588 0.528 0.723 0.767 forward+backward
7.360 6 0.590 0.528 0.723 0.765 forward+backward
7.400 6 0.589 0.528 0.722 0.764 forward+backward
7.440 6 0.588 0.528 0.721 0.764 forward+backward
7.480 6 0.588 0.528 0.720 0.764 forward+backward
7.520 6 0.587 0.526 0.720 0.762 forward+backward
7.560 6 0.586 0.525 0.719 0.761 forward+backward
7.600 6 0.586 0.525 0.718 0.760 forward+backward
7.640 6 0.585 0.525 0.718 0.760 forward+backward
7.680 6 0.576 0.508 0.721 0.767 detection
7.720 6 0.582 0.512 0.716 0.750 forward+backward
7.760 6 0.582 0.512 0.715 0.750 forward+backward
7.800 6 0.581 0.512 0.714 0.750 forward+backward
7.840 6 0.581 0.514 0.714 0.750 forward+backward
7.880 6 0.584 0.515 0.715 0.749 forward+backward
7.920 6 0.581 0.514 0.714 0.750 forward+backward
7.960 6 0.581 0.514 0.714 0.750 forward+backward
8.000 6 0.581 0.514 0.713 0.750 forward+backward
8.040 6 0.579 0.512 0.713 0.750 forward+backward
8.080 6 0.582 0.512 0.716 0.750 forward+backward
8.120 6 0.577 0.510 0.713 0.751 forward+backward
8.160 6 0.588 0.519 0.708 0.733 detection
8.200 6 0.587 0.521 0.706 0.732 forward+backward
8.240 6 0.590 0.521 0.709 0.732 forward+backward
8.280 6 0.588 0.521 0.704 0.729 forward+backward
8.320 6 0.591 0.522 0.708 0.731 forward+backward
8.360 6 0.589 0.522 0.705 0.728 forward+backward
8.400 6 0.588 0.519 0.708 0.733 forward+backward
8.440 6 0.588 0.519 0.708 0.733 forward+backward
8.480 6 0.588 0.519 0.708 0.733 forward+backward
8.520 6 0.588 0.519 0.708 0.733 forward+backward
8.560 6 0.588 0.519 0.708 0.733 forward+backward
8.600 6 0.588 0.519 0.708 0.733 forward+backward
8.640 6 0.588 0.519 0.708 0.733 detection
8.680 6 0.588 0.519 0.708 0.733 forward
8.720 6 0.588 0.521 0.709 0.736 forward
8.760 6 0.590 0.524 0.711 0.739 forward
8.800 6 0.598 0.539 0.714 0.747 forward+backward
8.840 6 0.604 0.544 0.721 0.753 forward+backward
8.880 6 0.608 0.549 0.725 0.757 forward+backward
8.920 6 0.612 0.553 0.730 0.761 forward+backward
8.960 6 0.616 0.556 0.734 0.765 forward+backward
9.000 6 0.619 0.557 0.738 0.769 forward+backward
9.040 6 0.621 0.558 0.741 0.772 forward+backward
9.080 6 0.623 0.558 0.744 0.775 forward+backward
9.120 6 0.627 0.567 0.748 0.782 detection
9.160 6 0.633 0.575 0.745 0.774 forward+backward
9.200 6 0.634 0.575 0.747 0.775 forward+backward
9.240 6 0.634 0.575 0.747 0.775 forward+backward
9.280 6 0.636 0.576 0.748 0.775 forward+backward
9.320 6 0.637 0.578 0.748 0.776 forward+backward
9.360 6 0.638 0.579 0.749 0.776 forward+backward
9.400 6 0.638 0.579 0.749 0.776 forward+backward
9.440 6 0.639 0.581 0.750 0.778 forward+backward
9.480 6 0.640 0.581 0.751 0.778 forward+backward
9.520 6 0.640 0.581 0.751 0.778 forward+backward
9.560 6 0.641 0.583 0.752 0.779 forward+backward
9.600 6 0.646 0.592 0.747 0.771 detection
9.640 6 0.646 0.592 0.745 0.769 forward+backward
9.680 6 0.648 0.593 0.748 0.771 forward+backward
9.720 6 0.647 0.594 0.747 0.772 forward+backward
9.760 6 0.645 0.593 0.747 0.774 forward+backward
9.800 6 0.648 0.593 0.749 0.774 forward+backward
9.840 6 0.645 0.594 0.747 0.774 forward+backward
9.880 6 0.648 0.594 0.749 0.774 forward+backward
9.920 6 0.645 0.594 0.746 0.774 forward+backward
9.960 6 0.647 0.596 0.748 0.774 forward+backward
10.000 6 0.646 0.594 0.747 0.774 forward+backward
10.040 6 0.646 0.594 0.746 0.772 forward+backward
10.080 6 0.646 0.592 0.747 0.771 detection
10.120 6 0.646 0.594 0.745 0.769 forward+backward
10.160 6 0.645 0.594 0.745 0.769 forward+backward
10.200 6 0.645 0.594 0.745 0.769 forward+backward
10.240 6 0.645 0.593 0.744 0.769 forward+backward
10.280 6 0.646 0.593 0.746 0.771 forward+backward
10.320 6 0.645 0.594 0.745 0.771 forward+backward
10.360 6 0.646 0.593 0.747 0.772 forward+backward
10.400 6 0.646 0.596 0.745 0.771 forward+backward
10.440 6 0.650 0.594 0.749 0.771 forward+backward
10.480 6 0.647 0.594 0.747 0.771 forward+backward
10.520 6 0.648 0.592 0.748 0.771 forward+backward
10.560 6 0.646 0.592 0.747 0.771 detection
10.600 6 0.640 0.583 0.751 0.781 forward+backward
10.640 6 0.635 0.582 0.746 0.779 forward+backward
10.680 6 0.636 0.581 0.747 0.778 forward+backward
10.720 6 0.630 0.579 0.741 0.776 forward+backward
10.760 6 0.630 0.576 0.741 0.774 forward+backward
10.800 6 0.623 0.575 0.734 0.772 forward+backward
10.840 6 0.625 0.574 0.737 0.771 forward+backward
10.880 6 0.620 0.569 0.733 0.771 forward+backward
10.920 6 0.623 0.572 0.734 0.769 forward+backward
10.960 6 0.619 0.572 0.730 0.769 forward+backward
11.000 6 0.622 0.574 0.732 0.769 forward+backward
11.040 6 0.614 0.567 0.735 0.782 detection
11.080 6 0.614 0.567 0.735 0.782 forward
11.120 6 0.613 0.567 0.734 0.782 forward
11.160 6 0.613 0.567 0.734 0.781 forward
11.200 6 0.613 0.567 0.734 0.781 forward
11.240 6 0.613 0.565 0.733 0.781 forward
11.280 6 0.612 0.564 0.733 0.779 forward
11.320 6 0.612 0.565 0.733 0.779 forward
9.640 7 0.305 0.172 0.403 0.346 backward
9.680 7 0.302 0.172 0.400 0.346 backward
9.720 7 0.300 0.176 0.396 0.346 backward
9.760 7 0.300 0.190 0.394 0.358 backward
9.800 7 0.296 0.203 0.391 0.371 backward
9.840 7 0.298 0.218 0.391 0.382 backward
9.880 7 0.297 0.229 0.391 0.396 backward
9.920 7 0.293 0.232 0.388 0.400 backward
9.960 7 0.291 0.232 0.387 0.400 backward
10.000 7 0.288 0.226 0.383 0.393 backward
10.040 7 0.288 0.218 0.385 0.390 backward
10.080 7 0.287 0.212 0.388 0.392 detection
10.120 7 0.292 0.214 0.391 0.389 forward+backward
10.160 7 0.292 0.212 0.392 0.390 forward+backward
10.200 7 0.293 0.214 0.393 0.392 forward+backward
10.240 7 0.292 0.214 0.393 0.392 forward+backward
10.280 7 0.293 0.214 0.394 0.393 forward+backward
10.320 7 0.293 0.214 0.395 0.393 forward+backward
10.360 7 0.293 0.212 0.395 0.393 forward+backward
10.400 7 0.293 0.212 0.395 0.394 forward+backward
10.440 7 0.292 0.210 0.397 0.396 forward+backward
10.480 7 0.294 0.211 0.395 0.393 forward+backward
10.520 7 0.294 0.210 0.396 0.392 forward+backward
10.560 7 0.298 0.212 0.399 0.392 detection
10.600 7 0.299 0.215 0.398 0.392 forward+backward
10.640 7 0.297 0.214 0.397 0.392 forward+backward
10.680 7 0.299 0.214 0.399 0.392 forward+backward
10.720 7 0.298 0.214 0.398 0.392 forward+backward
10.760 7 0.298 0.214 0.398 0.390 forward+backward
10.800 7 0.298 0.212 0.399 0.392 forward+backward
10.840 7 0.299 0.214 0.398 0.390 forward+backward
10.880 7 0.299 0.212 0.399 0.392 forward+backward
10.920 7 0.299 0.211 0.400 0.390 forward+backward
10.960 7 0.298 0.212 0.398 0.390 forward+backward
11.000 7 0.302 0.215 0.398 0.388 forward+backward
11.040 7 0.298 0.212 0.399 0.392 detection
11.080 7 0.300 0.211 0.403 0.393 forward
11.120 7 0.299 0.212 0.400 0.392 forward
11.160 7 0.302 0.211 0.404 0.393 forward
11.200 7 0.300 0.212 0.401 0.392 forward
11.240 7 0.301 0.212 0.401 0.390 forward
19.200 8 0.372 0.256 0.493 0.471 detection
19.240 8 0.370 0.251 0.492 0.471 forward+backward
19.280 8 0.373 0.253 0.496 0.472 forward+backward
19.320 8 0.370 0.253 0.492 0.471 forward+backward
19.360 8 0.372 0.253 0.495 0.471 forward+backward
19.400 8 0.369 0.251 0.492 0.471 forward+backward
19.440 8 0.372 0.253 0.495 0.472 forward+backward
19.480 8 0.371 0.253 0.494 0.472 forward+backward
19.520 8 0.370 0.257 0.493 0.476 forward+backward
19.560 8 0.369 0.254 0.495 0.478 forward+backward
19.600 8 0.369 0.254 0.494 0.476 forward+backward
19.640 8 0.371 0.258 0.493 0.474 forward+backward
19.680 8 0.372 0.256 0.493 0.471 detection
19.720 8 0.372 0.256 0.493 0.471 forward
19.760 8 0.371 0.256 0.492 0.471 forward
19.800 8 0.370 0.256 0.492 0.471 forward
19.840 8 0.369 0.254 0.491 0.471 forward
19.880 8 0.368 0.254 0.490 0.469 forward
19.920 8 0.368 0.253 0.489 0.468 forward
19.960 8 0.367 0.253 0.489 0.469 forward
