0.000 0 0.590 0.193 0.691 0.372 detection
0.040 1 0.588 0.192 0.689 0.371 backward
0.080 1 0.591 0.197 0.688 0.369 backward
0.120 1 0.587 0.193 0.686 0.369 backward
0.160 1 0.591 0.193 0.691 0.369 backward
0.200 1 0.588 0.192 0.689 0.371 backward
0.240 1 0.591 0.193 0.691 0.369 backward
0.280 1 0.589 0.196 0.686 0.369 backward
0.320 1 0.591 0.192 0.691 0.371 backward
0.360 1 0.586 0.190 0.687 0.371 backward
0.400 1 0.588 0.192 0.689 0.371 backward
0.440 1 0.589 0.193 0.690 0.372 backward
0.480 1 0.590 0.193 0.691 0.372 detection
0.520 1 0.588 0.190 0.689 0.369 forward+backward
0.560 1 0.589 0.190 0.690 0.369 forward+backward
0.600 1 0.590 0.190 0.691 0.369 forward+backward
0.640 1 0.591 0.190 0.691 0.369 forward+backward
0.680 1 0.591 0.190 0.691 0.369 forward+backward
0.720 1 0.591 0.192 0.691 0.369 forward+backward
0.760 1 0.591 0.192 0.691 0.371 forward+backward
0.800 1 0.591 0.193 0.691 0.371 forward+backward
0.840 1 0.591 0.194 0.692 0.372 forward+backward
0.880 1 0.591 0.196 0.692 0.374 forward+backward
0.920 1 0.592 0.197 0.693 0.375 forward+backward
0.960 1 0.590 0.193 0.691 0.372 detection
1.000 1 0.591 0.200 0.691 0.379 forward+backward
1.040 1 0.591 0.200 0.692 0.379 forward+backward
1.080 1 0.592 0.201 0.693 0.381 forward+backward
1.120 1 0.592 0.203 0.694 0.382 forward+backward
1.160 1 0.593 0.203 0.695 0.382 forward+backward
1.200 1 0.594 0.203 0.695 0.383 forward+backward
1.240 1 0.595 0.204 0.695 0.383 forward+backward
1.280 1 0.595 0.204 0.696 0.383 forward+backward
1.320 1 0.597 0.204 0.698 0.383 forward+backward
1.360 1 0.598 0.206 0.698 0.385 forward+backward
1.400 1 0.599 0.206 0.700 0.385 forward+backward
1.440 1 0.601 0.212 0.702 0.392 detection
1.480 1 0.602 0.214 0.703 0.393 forward
1.520 1 0.605 0.215 0.705 0.394 forward
1.560 1 0.606 0.215 0.707 0.394 forward
1.600 1 0.608 0.217 0.709 0.396 forward
1.640 1 0.609 0.218 0.709 0.397 forward
1.680 1 0.610 0.218 0.710 0.397 forward
1.720 1 0.611 0.219 0.712 0.399 forward
1.760 1 0.612 0.219 0.713 0.399 forward
1.800 1 0.613 0.221 0.714 0.399 forward
0.760 2 0.402 0.399 0.522 0.611 backward
0.800 2 0.399 0.399 0.519 0.611 backward
0.840 2 0.395 0.397 0.516 0.615 backward
0.880 2 0.391 0.399 0.512 0.614 backward
0.920 2 0.386 0.396 0.512 0.619 backward
0.960 2 0.386 0.400 0.506 0.614 detection
1.000 2 0.380 0.394 0.502 0.610 forward+backward
1.040 2 0.380 0.393 0.501 0.610 forward+backward
1.080 2 0.373 0.394 0.495 0.610 forward+backward
1.120 2 0.370 0.390 0.494 0.610 forward+backward
1.160 2 0.363 0.390 0.487 0.608 forward+backward
1.200 2 0.361 0.386 0.485 0.607 forward+backward
1.240 2 0.355 0.385 0.479 0.604 forward+backward
1.280 2 0.353 0.381 0.479 0.604 forward+backward
1.320 2 0.349 0.381 0.474 0.603 forward+backward
1.360 2 0.347 0.379 0.473 0.603 forward+backward
1.400 2 0.345 0.378 0.471 0.601 forward+backward
1.440 2 0.345 0.375 0.466 0.590 detection
1.480 2 0.345 0.375 0.466 0.590 forward
1.520 2 0.345 0.374 0.466 0.590 forward
1.560 2 0.344 0.374 0.466 0.590 forward
1.600 2 0.344 0.374 0.465 0.589 forward
1.640 2 0.344 0.374 0.466 0.589 forward
1.680 2 0.344 0.374 0.465 0.589 forward
1.720 2 0.343 0.372 0.465 0.589 forward
1.760 2 0.344 0.372 0.465 0.588 forward
1.800 2 0.345 0.372 0.464 0.586 forward
1.840 3 0.621 0.217 0.716 0.385 backward
1.880 3 0.621 0.212 0.722 0.392 backward
1.920 3 0.623 0.212 0.724 0.392 detection
1.960 3 0.626 0.212 0.727 0.392 forward
1.840 4 0.356 0.401 0.477 0.615 backward
1.880 4 0.356 0.403 0.473 0.610 backward
1.920 4 0.359 0.400 0.480 0.614 detection
1.960 4 0.360 0.399 0.484 0.617 forward
2.080 5 0.405 0.251 0.532 0.476 backward
2.120 5 0.407 0.249 0.533 0.472 backward
2.160 5 0.413 0.254 0.534 0.471 backward
2.200 5 0.408 0.253 0.529 0.469 backward
2.240 5 0.411 0.254 0.532 0.469 backward
2.280 5 0.412 0.254 0.533 0.469 backward
2.320 5 0.412 0.256 0.533 0.471 backward
2.360 5 0.412 0.256 0.534 0.471 backward
2.400 5 0.412 0.256 0.534 0.471 detection
2.440 5 0.414 0.254 0.535 0.468 forward+backward
2.480 5 0.415 0.257 0.535 0.471 forward+backward
2.520 5 0.415 0.260 0.535 0.474 forward+backward
2.560 5 0.415 0.261 0.536 0.475 forward+backward
2.600 5 0.416 0.264 0.537 0.478 forward+backward
2.640 5 0.418 0.268 0.538 0.482 forward+backward
2.680 5 0.420 0.272 0.540 0.486 forward+backward
2.720 5 0.421 0.275 0.541 0.489 forward+backward
2.760 5 0.422 0.279 0.542 0.492 forward+backward
2.800 5 0.423 0.281 0.544 0.494 forward+backward
2.840 5 0.423 0.283 0.545 0.497 forward+backward
2.880 5 0.426 0.281 0.547 0.494 detection
2.920 5 0.423 0.282 0.546 0.499 forward+backward
2.960 5 0.427 0.285 0.549 0.501 forward+backward
3.000 5 0.423 0.282 0.549 0.503 forward+backward
3.040 5 0.427 0.287 0.548 0.504 forward+backward
3.080 5 0.427 0.290 0.549 0.506 forward+backward
3.120 5 0.428 0.293 0.549 0.508 forward+backward
3.160 5 0.428 0.296 0.549 0.511 forward+backward
3.200 5 0.429 0.300 0.549 0.512 forward+backward
3.240 5 0.430 0.306 0.547 0.511 forward+backward
3.280 5 0.428 0.303 0.548 0.517 forward+backward
3.320 5 0.427 0.301 0.548 0.517 forward+backward
3.360 5 0.426 0.304 0.547 0.519 detection
3.400 5 0.417 0.293 0.548 0.524 forward+backward
3.440 5 0.416 0.285 0.551 0.524 forward+backward
3.480 5 0.416 0.279 0.549 0.515 forward+backward
3.520 5 0.414 0.271 0.548 0.510 forward+backward
3.560 5 0.413 0.265 0.548 0.504 forward+backward
3.600 5 0.412 0.258 0.549 0.500 forward+backward
3.640 5 0.410 0.254 0.545 0.493 forward+backward
3.680 5 0.411 0.250 0.543 0.483 forward+backward
3.720 5 0.409 0.240 0.543 0.479 forward+backward
3.760 5 0.408 0.233 0.544 0.475 forward+backward
3.800 5 0.403 0.229 0.540 0.472 forward+backward
3.840 5 0.398 0.222 0.544 0.479 detection
3.880 5 0.397 0.229 0.535 0.474 forward
3.920 5 0.395 0.224 0.542 0.483 forward
3.960 5 0.397 0.228 0.541 0.483 forward
4.000 5 0.397 0.237 0.534 0.481 forward
4.040 5 0.395 0.242 0.534 0.487 forward
4.080 5 0.397 0.246 0.537 0.492 forward
4.120 5 0.398 0.247 0.537 0.493 forward
4.160 6 0.370 0.394 0.468 0.568 backward
4.200 6 0.366 0.392 0.467 0.571 backward
4.240 6 0.370 0.394 0.467 0.568 backward
4.280 6 0.364 0.393 0.463 0.569 backward
4.320 6 0.366 0.392 0.466 0.571 detection
4.360 6 0.365 0.390 0.464 0.567 forward+backward
4.400 6 0.366 0.392 0.465 0.568 forward+backward
4.440 6 0.366 0.392 0.465 0.568 forward+backward
4.480 6 0.367 0.392 0.466 0.568 forward+backward
4.520 6 0.366 0.392 0.466 0.569 forward+backward
4.560 6 0.370 0.392 0.469 0.569 forward+backward
4.600 6 0.369 0.392 0.469 0.569 forward+backward
4.640 6 0.371 0.392 0.473 0.571 forward+backward
4.680 6 0.374 0.392 0.476 0.572 forward+backward
4.720 6 0.376 0.392 0.477 0.574 forward+backward
4.760 6 0.377 0.393 0.479 0.575 forward+backward
4.800 6 0.377 0.392 0.478 0.571 detection
4.840 6 0.379 0.392 0.480 0.572 forward
4.880 6 0.378 0.392 0.480 0.571 forward
4.920 6 0.380 0.392 0.481 0.572 forward
4.960 6 0.382 0.392 0.484 0.572 forward
5.000 6 0.384 0.392 0.487 0.576 forward
5.040 6 0.388 0.392 0.490 0.572 forward
5.080 6 0.385 0.390 0.488 0.574 forward
5.120 6 0.391 0.390 0.494 0.572 forward
5.160 6 0.391 0.390 0.495 0.575 forward
5.200 6 0.393 0.390 0.496 0.575 forward
5.240 6 0.395 0.392 0.498 0.575 forward
4.160 7 0.633 0.226 0.730 0.400 backward
4.200 7 0.634 0.229 0.732 0.404 backward
4.240 7 0.634 0.231 0.733 0.407 backward
4.280 7 0.634 0.232 0.734 0.411 backward
4.320 7 0.634 0.233 0.735 0.412 detection
4.360 7 0.633 0.235 0.735 0.417 forward+backward
4.400 7 0.632 0.235 0.735 0.418 forward+backward
4.440 7 0.631 0.236 0.734 0.419 forward+backward
4.480 7 0.630 0.237 0.733 0.419 forward+backward
4.520 7 0.629 0.237 0.731 0.421 forward+backward
4.560 7 0.627 0.239 0.730 0.421 forward+backward
4.600 7 0.624 0.242 0.727 0.422 forward+backward
4.640 7 0.623 0.243 0.724 0.424 forward+backward
4.680 7 0.622 0.247 0.723 0.426 forward+backward
4.720 7 0.619 0.250 0.720 0.428 forward+backward
4.760 7 0.616 0.250 0.719 0.433 forward+backward
4.800 7 0.613 0.253 0.713 0.432 detection
4.840 7 0.616 0.253 0.716 0.431 forward+backward
4.880 7 0.618 0.253 0.719 0.432 forward+backward
4.920 7 0.613 0.251 0.715 0.431 forward+backward
4.960 7 0.610 0.250 0.713 0.432 forward+backward
5.000 7 0.608 0.251 0.709 0.432 forward+backward
5.040 7 0.605 0.253 0.705 0.432 forward+backward
5.080 7 0.602 0.254 0.702 0.431 forward+backward
5.120 7 0.598 0.254 0.698 0.432 forward+backward
5.160 7 0.595 0.254 0.694 0.429 forward+backward
5.200 7 0.592 0.254 0.691 0.429 forward+backward
5.240 7 0.588 0.256 0.687 0.429 forward+backward
5.280 7 0.590 0.253 0.691 0.432 detection
5.320 7 0.586 0.254 0.688 0.435 forward
5.360 7 0.580 0.256 0.682 0.435 forward
5.400 7 0.579 0.253 0.681 0.436 forward
5.440 7 0.578 0.251 0.677 0.428 forward+backward
5.480 7 0.573 0.250 0.672 0.426 forward+backward
5.520 7 0.569 0.246 0.670 0.426 forward+backward
5.560 7 0.562 0.242 0.665 0.425 forward+backward
5.600 7 0.559 0.239 0.662 0.424 forward+backward
5.640 7 0.556 0.237 0.661 0.422 forward+backward
5.680 7 0.555 0.235 0.659 0.422 forward+backward
5.720 7 0.554 0.235 0.659 0.422 forward+backward
5.760 7 0.556 0.233 0.657 0.412 detection
5.800 7 0.556 0.244 0.653 0.417 forward+backward
5.840 7 0.554 0.244 0.652 0.417 forward+backward
5.880 7 0.556 0.244 0.653 0.417 forward+backward
5.920 7 0.555 0.242 0.654 0.418 forward+backward
5.960 7 0.558 0.242 0.657 0.418 forward+backward
6.000 7 0.558 0.240 0.659 0.421 forward+backward
6.040 7 0.558 0.239 0.661 0.422 forward+backward
6.080 7 0.559 0.239 0.663 0.424 forward+backward
6.120 7 0.561 0.239 0.665 0.424 forward+backward
6.160 7 0.563 0.237 0.668 0.424 forward+backward
6.200 7 0.564 0.239 0.669 0.425 forward+backward
6.240 7 0.567 0.253 0.668 0.432 detection
6.280 7 0.569 0.254 0.670 0.435 forward
6.320 7 0.571 0.257 0.672 0.436 forward
6.360 7 0.573 0.260 0.673 0.438 forward
6.400 7 0.575 0.263 0.675 0.440 forward
6.440 7 0.577 0.265 0.677 0.443 forward
6.480 8 0.567 0.339 0.595 0.389 backward
6.520 8 0.568 0.338 0.596 0.389 backward
6.560 8 0.568 0.338 0.596 0.388 backward
6.600 8 0.569 0.338 0.597 0.388 backward
6.640 8 0.569 0.336 0.597 0.386 backward
6.680 8 0.569 0.336 0.597 0.386 backward
6.720 8 0.568 0.335 0.597 0.386 backward
6.760 8 0.568 0.335 0.597 0.385 backward
6.800 8 0.568 0.335 0.596 0.385 backward
6.840 8 0.569 0.335 0.597 0.385 backward
6.880 8 0.569 0.335 0.597 0.385 backward
6.920 8 0.569 0.335 0.597 0.385 backward
6.960 8 0.568 0.335 0.596 0.385 backward
7.000 8 0.569 0.335 0.597 0.385 backward
7.040 8 0.569 0.335 0.598 0.385 backward
7.080 8 0.568 0.335 0.597 0.385 backward
7.120 8 0.569 0.335 0.598 0.385 backward
7.160 8 0.568 0.335 0.597 0.385 backward
7.200 8 0.568 0.335 0.596 0.385 backward
7.240 8 0.569 0.335 0.598 0.385 backward
7.280 8 0.567 0.335 0.596 0.385 backward
7.320 8 0.568 0.333 0.597 0.385 backward
7.360 8 0.568 0.335 0.597 0.385 backward
7.400 8 0.568 0.335 0.597 0.385 backward
7.440 8 0.569 0.335 0.598 0.385 backward
7.480 8 0.568 0.335 0.597 0.385 backward
7.520 8 0.568 0.335 0.597 0.385 backward
7.560 8 0.569 0.335 0.597 0.386 backward
7.600 8 0.568 0.336 0.596 0.386 backward
7.640 8 0.568 0.336 0.596 0.386 backward
7.680 8 0.569 0.336 0.597 0.388 backward
7.720 8 0.568 0.338 0.596 0.388 backward
7.760 8 0.568 0.338 0.596 0.388 backward
7.800 8 0.567 0.338 0.596 0.389 backward
7.840 8 0.568 0.339 0.596 0.389 backward
7.880 8 0.566 0.338 0.595 0.389 backward
7.920 8 0.567 0.338 0.595 0.389 backward
7.960 8 0.565 0.338 0.594 0.389 backward
8.000 8 0.566 0.338 0.595 0.388 backward
8.040 8 0.564 0.338 0.593 0.388 backward
8.080 8 0.566 0.336 0.594 0.388 backward
8.120 8 0.564 0.336 0.593 0.388 backward
8.160 8 0.565 0.338 0.593 0.388 backward
8.200 8 0.563 0.336 0.592 0.389 backward
8.240 8 0.564 0.338 0.593 0.389 backward
8.280 8 0.562 0.339 0.591 0.390 backward
8.320 8 0.564 0.339 0.593 0.390 backward
8.360 8 0.563 0.340 0.592 0.392 backward
8.400 8 0.562 0.340 0.591 0.392 backward
8.440 8 0.564 0.340 0.593 0.392 backward
8.480 8 0.562 0.340 0.591 0.392 backward
8.520 8 0.564 0.342 0.593 0.392 backward
8.560 8 0.563 0.342 0.591 0.392 backward
8.600 8 0.564 0.342 0.592 0.392 backward
8.640 8 0.563 0.342 0.591 0.392 detection
8.680 8 0.562 0.342 0.591 0.392 forward
8.720 8 0.563 0.342 0.591 0.392 forward
8.760 8 0.562 0.342 0.591 0.392 forward
8.800 8 0.563 0.343 0.591 0.392 forward
8.840 8 0.563 0.342 0.591 0.392 forward
8.880 8 0.564 0.342 0.592 0.392 forward
8.920 8 0.563 0.342 0.591 0.392 forward
8.960 8 0.563 0.342 0.591 0.392 forward
9.000 8 0.562 0.342 0.591 0.392 forward
9.040 8 0.564 0.343 0.591 0.392 forward
9.080 8 0.562 0.342 0.591 0.392 forward
9.120 8 0.562 0.343 0.591 0.393 forward
9.160 8 0.563 0.344 0.591 0.394 forward
9.200 8 0.563 0.344 0.591 0.394 forward
9.240 8 0.563 0.344 0.591 0.394 forward
9.280 8 0.563 0.346 0.591 0.394 forward
9.320 8 0.564 0.344 0.592 0.394 forward
9.360 8 0.563 0.344 0.591 0.394 forward
9.400 8 0.563 0.346 0.591 0.394 forward
9.440 8 0.563 0.346 0.591 0.394 forward
9.480 8 0.563 0.346 0.591 0.394 forward
9.520 8 0.563 0.346 0.591 0.394 forward
9.560 8 0.563 0.346 0.591 0.394 forward
9.600 8 0.563 0.346 0.591 0.394 forward
9.640 8 0.563 0.346 0.591 0.394 forward
9.680 8 0.564 0.346 0.592 0.394 forward
9.720 8 0.562 0.346 0.591 0.394 forward
9.760 8 0.564 0.346 0.591 0.394 forward
9.800 8 0.562 0.346 0.590 0.394 forward
9.840 8 0.564 0.347 0.591 0.396 forward
9.880 8 0.563 0.346 0.591 0.396 forward
6.480 9 0.422 0.250 0.565 0.504 backward
6.520 9 0.420 0.244 0.565 0.503 backward
6.560 9 0.419 0.239 0.564 0.497 backward
6.600 9 0.417 0.233 0.562 0.492 backward
6.640 9 0.416 0.229 0.562 0.486 backward
6.680 9 0.416 0.224 0.560 0.482 backward
6.720 9 0.415 0.222 0.559 0.479 detection
6.760 9 0.411 0.228 0.556 0.487 forward+backward
6.800 9 0.411 0.231 0.555 0.489 forward+backward
6.840 9 0.411 0.231 0.555 0.487 forward+backward
6.880 9 0.412 0.235 0.555 0.490 forward+backward
6.920 9 0.413 0.236 0.558 0.494 forward+backward
6.960 9 0.415 0.237 0.559 0.494 forward+backward
7.000 9 0.416 0.239 0.559 0.494 forward+backward
7.040 9 0.416 0.239 0.560 0.496 forward+backward
7.080 9 0.417 0.242 0.561 0.499 forward+backward
7.120 9 0.418 0.243 0.562 0.500 forward+backward
7.160 9 0.418 0.244 0.562 0.501 forward+backward
7.200 9 0.415 0.250 0.559 0.508 detection
7.240 9 0.428 0.261 0.558 0.493 forward+backward
7.280 9 0.427 0.260 0.558 0.493 forward+backward
7.320 9 0.429 0.256 0.561 0.492 forward+backward
7.360 9 0.432 0.251 0.564 0.487 forward+backward
7.400 9 0.433 0.249 0.565 0.485 forward+backward
7.440 9 0.438 0.253 0.569 0.487 forward+backward
7.480 9 0.440 0.260 0.570 0.493 forward+backward
7.520 9 0.443 0.271 0.572 0.501 forward+backward
7.560 9 0.444 0.281 0.574 0.514 forward+backward
7.600 9 0.443 0.289 0.573 0.519 forward+backward
7.640 9 0.444 0.294 0.574 0.528 forward+backward
7.680 9 0.453 0.304 0.573 0.519 detection
7.720 9 0.445 0.303 0.573 0.532 forward+backward
7.760 9 0.447 0.303 0.574 0.529 forward+backward
7.800 9 0.448 0.303 0.573 0.528 forward+backward
7.840 9 0.445 0.299 0.575 0.531 forward+backward
7.880 9 0.448 0.296 0.578 0.529 forward+backward
7.920 9 0.445 0.290 0.577 0.528 forward+backward
7.960 9 0.443 0.287 0.577 0.526 forward+backward
8.000 9 0.438 0.282 0.573 0.522 forward+backward
8.040 9 0.441 0.279 0.579 0.525 forward+backward
8.080 9 0.438 0.279 0.576 0.524 forward+backward
8.120 9 0.437 0.281 0.576 0.528 forward+backward
8.160 9 0.430 0.279 0.576 0.537 detection
8.200 9 0.434 0.275 0.570 0.518 forward+backward
8.240 9 0.428 0.275 0.563 0.515 forward+backward
8.280 9 0.427 0.274 0.562 0.515 forward+backward
8.320 9 0.422 0.281 0.555 0.518 forward+backward
8.360 9 0.416 0.278 0.552 0.519 forward+backward
8.400 9 0.411 0.272 0.548 0.518 forward+backward
8.440 9 0.406 0.271 0.544 0.514 forward+backward
8.480 9 0.403 0.267 0.540 0.510 forward+backward
8.520 9 0.401 0.263 0.538 0.506 forward+backward
8.560 9 0.397 0.260 0.534 0.503 forward+backward
8.600 9 0.395 0.256 0.531 0.499 forward+backward
8.640 9 0.399 0.256 0.520 0.471 detection
8.680 9 0.399 0.261 0.520 0.476 forward+backward
8.720 9 0.400 0.258 0.520 0.472 forward+backward
8.760 9 0.399 0.253 0.520 0.468 forward+backward
8.800 9 0.401 0.253 0.521 0.468 forward+backward
8.840 9 0.398 0.250 0.517 0.463 forward+backward
8.880 9 0.401 0.247 0.520 0.460 forward+backward
8.920 9 0.397 0.246 0.516 0.458 forward+backward
8.960 9 0.399 0.244 0.518 0.457 forward+backward
9.000 9 0.398 0.243 0.518 0.457 forward+backward
9.040 9 0.396 0.244 0.516 0.457 forward+backward
9.080 9 0.399 0.244 0.519 0.457 forward+backward
9.120 9 0.399 0.256 0.520 0.471 detection
9.160 9 0.398 0.251 0.519 0.465 forward+backward
9.200 9 0.398 0.251 0.519 0.467 forward+backward
9.240 9 0.398 0.253 0.518 0.465 forward+backward
9.280 9 0.400 0.251 0.520 0.467 forward+backward
9.320 9 0.399 0.250 0.522 0.468 forward+backward
9.360 9 0.398 0.247 0.523 0.468 forward+backward
9.400 9 0.399 0.249 0.521 0.467 forward+backward
9.440 9 0.401 0.244 0.527 0.468 forward+backward
9.480 9 0.395 0.242 0.523 0.468 forward+backward
9.520 9 0.402 0.242 0.527 0.465 forward+backward
9.560 9 0.398 0.239 0.523 0.461 forward+backward
9.600 9 0.399 0.232 0.520 0.447 detection
9.640 9 0.403 0.231 0.520 0.438 forward
9.680 9 0.401 0.217 0.519 0.428 forward
9.720 9 0.403 0.207 0.520 0.415 forward
9.760 9 0.399 0.211 0.516 0.418 forward
9.800 9 0.399 0.192 0.518 0.404 forward
9.840 9 0.401 0.176 0.520 0.388 forward
9.880 9 0.398 0.154 0.518 0.367 forward
9.920 9 0.398 0.129 0.517 0.340 forward
9.960 9 0.396 0.097 0.516 0.311 forward
10.000 9 0.395 0.067 0.515 0.279 forward
10.280 10 0.412 -0.039 0.532 0.175 backward
10.320 10 0.416 -0.011 0.535 0.200 backward
10.360 10 0.420 0.018 0.540 0.232 backward
10.400 10 0.422 0.051 0.546 0.272 backward
10.440 10 0.421 0.085 0.544 0.303 backward
10.480 10 0.422 0.106 0.545 0.325 backward
10.520 10 0.428 0.126 0.547 0.338 backward
10.560 10 0.426 0.136 0.547 0.351 detection
10.600 10 0.425 0.153 0.545 0.368 forward
10.640 10 0.424 0.167 0.544 0.379 forward
10.680 10 0.425 0.169 0.545 0.382 forward
10.720 10 0.427 0.164 0.545 0.374 forward
10.760 10 0.423 0.161 0.541 0.372 forward
10.800 10 0.427 0.158 0.545 0.367 forward
10.840 10 0.426 0.157 0.545 0.368 forward
10.880 10 0.429 0.163 0.548 0.375 forward
10.920 10 0.438 0.168 0.559 0.383 forward
10.960 10 0.447 0.174 0.567 0.388 forward
11.000 10 0.455 0.175 0.577 0.390 forward
11.040 11 0.554 0.496 0.602 0.582 detection
11.080 11 0.555 0.499 0.604 0.586 forward+backward
11.120 11 0.555 0.504 0.605 0.592 forward+backward
11.160 11 0.557 0.510 0.607 0.597 forward+backward
11.200 11 0.559 0.514 0.609 0.603 forward+backward
11.240 11 0.563 0.517 0.612 0.603 forward+backward
11.280 11 0.564 0.519 0.613 0.604 forward+backward
11.320 11 0.567 0.519 0.618 0.610 forward+backward
11.360 11 0.573 0.525 0.621 0.608 forward+backward
11.400 11 0.578 0.528 0.626 0.611 forward+backward
11.440 11 0.583 0.531 0.630 0.615 forward+backward
11.480 11 0.590 0.533 0.637 0.618 forward+backward
11.520 11 0.597 0.533 0.645 0.619 detection
11.560 11 0.606 0.537 0.655 0.625 forward+backward
11.600 11 0.616 0.542 0.666 0.629 forward+backward
11.640 11 0.629 0.547 0.677 0.632 forward+backward
11.680 11 0.641 0.551 0.687 0.635 forward+backward
11.720 11 0.640 0.553 0.688 0.637 forward+backward
11.760 11 0.652 0.556 0.701 0.642 forward+backward
11.800 11 0.667 0.562 0.714 0.644 forward+backward
11.840 11 0.680 0.567 0.727 0.649 forward+backward
11.880 11 0.693 0.571 0.738 0.653 forward+backward
11.920 11 0.705 0.575 0.752 0.658 forward+backward
11.960 11 0.722 0.578 0.773 0.667 backward
12.000 11 0.738 0.582 0.786 0.668 detection
12.040 11 0.754 0.586 0.803 0.674 forward
12.080 11 0.771 0.590 0.819 0.675 forward
11.040 12 0.698 0.431 0.745 0.514 backward
11.080 12 0.699 0.433 0.747 0.517 backward
11.120 12 0.698 0.435 0.746 0.519 backward
11.160 12 0.700 0.438 0.748 0.521 backward
11.200 12 0.700 0.440 0.748 0.524 backward
11.240 12 0.702 0.442 0.750 0.526 backward
11.280 12 0.704 0.444 0.752 0.529 backward
11.320 12 0.706 0.447 0.754 0.531 backward
11.360 12 0.709 0.449 0.758 0.533 backward
11.400 12 0.714 0.449 0.763 0.535 backward
11.440 12 0.720 0.453 0.768 0.537 backward
11.480 12 0.727 0.456 0.774 0.539 backward
11.520 12 0.734 0.454 0.784 0.542 backward
11.560 12 0.742 0.461 0.792 0.550 backward
11.600 12 0.754 0.463 0.803 0.549 backward
11.640 12 0.766 0.467 0.815 0.551 backward
11.680 12 0.777 0.469 0.826 0.556 backward
11.720 12 0.779 0.469 0.827 0.554 backward
11.760 12 0.793 0.475 0.838 0.554 backward
11.800 12 0.805 0.482 0.852 0.562 backward
11.840 12 0.820 0.483 0.868 0.568 backward
11.880 12 0.833 0.486 0.882 0.571 backward
11.920 12 0.847 0.487 0.896 0.575 backward
11.960 12 0.862 0.493 0.911 0.579 backward
12.000 12 0.877 0.496 0.927 0.582 detection
12.040 12 0.892 0.499 0.941 0.586 forward
12.080 12 0.909 0.504 0.959 0.590 forward
12.120 12 0.925 0.512 0.974 0.599 forward
12.160 12 0.942 0.517 0.991 0.600 forward
12.200 12 0.963 0.524 1.010 0.606 forward
11.440 13 0.254 0.154 0.314 0.260 backward
11.480 13 0.253 0.156 0.312 0.260 backward
11.520 13 0.256 0.157 0.315 0.261 detection
11.560 13 0.259 0.156 0.319 0.261 forward
11.600 13 0.266 0.156 0.324 0.260 forward
11.600 13 0.259 0.132 0.329 0.257 backward
11.640 13 0.266 0.135 0.335 0.257 backward
11.680 13 0.273 0.138 0.341 0.258 backward
11.720 13 0.274 0.136 0.342 0.258 backward
11.760 13 0.282 0.138 0.352 0.260 backward
11.800 13 0.292 0.142 0.362 0.265 backward
11.840 13 0.302 0.142 0.372 0.267 backward
11.880 13 0.312 0.143 0.382 0.268 backward
11.920 13 0.320 0.144 0.391 0.269 backward
11.960 13 0.329 0.146 0.399 0.271 backward
12.000 13 0.339 0.147 0.409 0.272 detection
12.040 13 0.349 0.154 0.413 0.269 forward+backward
12.080 13 0.358 0.158 0.422 0.272 forward+backward
12.120 13 0.368 0.163 0.432 0.276 forward+backward
12.160 13 0.379 0.165 0.441 0.278 forward+backward
12.200 13 0.391 0.171 0.452 0.279 forward+backward
12.240 13 0.401 0.175 0.462 0.283 forward+backward
12.280 13 0.413 0.178 0.475 0.287 forward+backward
12.320 13 0.427 0.183 0.487 0.292 forward+backward
12.360 13 0.439 0.183 0.502 0.293 forward+backward
12.400 13 0.452 0.189 0.513 0.297 forward+backward
12.440 13 0.463 0.188 0.525 0.299 forward+backward
12.480 13 0.477 0.192 0.535 0.296 detection
12.520 13 0.489 0.189 0.549 0.296 forward+backward
12.560 13 0.503 0.188 0.563 0.294 forward+backward
12.600 13 0.516 0.186 0.576 0.292 forward+backward
12.640 13 0.530 0.185 0.591 0.292 backward
12.680 13 0.532 0.185 0.591 0.290 backward
12.720 13 0.543 0.189 0.602 0.294 backward
12.760 13 0.554 0.193 0.613 0.297 backward
12.800 13 0.562 0.196 0.622 0.301 backward
12.840 13 0.571 0.194 0.630 0.300 backward
12.880 13 0.577 0.192 0.637 0.296 backward
12.920 13 0.583 0.189 0.643 0.296 backward
12.960 13 0.587 0.192 0.645 0.296 detection
13.000 13 0.592 0.194 0.646 0.290 forward+backward
13.040 13 0.591 0.194 0.646 0.289 forward+backward
13.080 13 0.592 0.193 0.646 0.287 forward+backward
13.120 13 0.591 0.194 0.645 0.290 forward+backward
13.160 13 0.588 0.200 0.643 0.296 forward+backward
13.200 13 0.586 0.204 0.641 0.301 forward+backward
13.240 13 0.584 0.210 0.639 0.308 forward+backward
13.280 13 0.581 0.215 0.637 0.315 forward+backward
13.320 13 0.578 0.221 0.634 0.319 forward+backward
13.360 13 0.575 0.222 0.630 0.319 forward+backward
13.400 13 0.570 0.224 0.625 0.321 forward+backward
13.440 13 0.570 0.226 0.619 0.312 detection
13.480 13 0.567 0.228 0.616 0.314 forward
13.520 13 0.563 0.225 0.614 0.314 forward
13.560 13 0.566 0.225 0.615 0.311 forward
13.600 13 0.565 0.222 0.613 0.308 forward
13.640 13 0.564 0.222 0.612 0.306 forward
13.680 13 0.565 0.222 0.613 0.306 forward
13.720 13 0.562 0.222 0.610 0.307 forward
13.760 13 0.560 0.225 0.609 0.311 forward
13.800 13 0.559 0.232 0.608 0.317 forward
13.840 14 0.268 0.454 0.409 0.706 backward
13.880 14 0.274 0.453 0.417 0.708 backward
13.920 14 0.270 0.451 0.415 0.710 detection
13.960 14 0.268 0.447 0.414 0.707 forward+backward
14.000 14 0.272 0.449 0.416 0.706 forward+backward
14.040 14 0.266 0.447 0.413 0.707 forward+backward
14.080 14 0.270 0.450 0.415 0.708 forward+backward
14.120 14 0.265 0.449 0.412 0.710 forward+backward
14.160 14 0.269 0.451 0.413 0.708 forward+backward
14.200 14 0.264 0.450 0.411 0.711 forward+backward
14.240 14 0.268 0.451 0.415 0.713 forward+backward
14.280 14 0.265 0.450 0.413 0.714 forward+backward
14.320 14 0.268 0.454 0.413 0.714 forward+backward
14.360 14 0.269 0.454 0.414 0.714 forward+backward
14.400 14 0.270 0.451 0.415 0.710 detection
14.440 14 0.270 0.451 0.416 0.711 forward+backward
14.480 14 0.266 0.450 0.413 0.711 forward+backward
14.520 14 0.271 0.451 0.416 0.710 forward+backward
14.560 14 0.270 0.451 0.415 0.710 forward+backward
14.600 14 0.272 0.453 0.416 0.710 forward+backward
14.640 14 0.270 0.451 0.416 0.710 forward+backward
14.680 14 0.273 0.453 0.417 0.710 forward+backward
14.720 14 0.269 0.451 0.415 0.710 forward+backward
14.760 14 0.273 0.453 0.417 0.708 forward+backward
14.800 14 0.271 0.451 0.416 0.708 forward+backward
14.840 14 0.273 0.453 0.417 0.708 forward+backward
14.880 14 0.270 0.451 0.415 0.710 detection
14.920 14 0.273 0.449 0.418 0.708 forward+backward
14.960 14 0.269 0.446 0.417 0.710 forward+backward
15.000 14 0.275 0.450 0.419 0.707 forward+backward
15.040 14 0.271 0.450 0.416 0.707 forward+backward
15.080 14 0.273 0.450 0.418 0.708 forward+backward
15.120 14 0.274 0.450 0.420 0.708 forward+backward
15.160 14 0.276 0.450 0.420 0.708 forward+backward
15.200 14 0.277 0.451 0.422 0.710 forward+backward
15.240 14 0.278 0.451 0.423 0.710 forward+backward
15.280 14 0.280 0.453 0.425 0.710 forward+backward
15.320 14 0.281 0.453 0.426 0.711 forward+backward
15.360 14 0.286 0.451 0.430 0.710 detection
15.400 14 0.287 0.463 0.430 0.718 forward+backward
15.440 14 0.287 0.461 0.431 0.719 forward+backward
15.480 14 0.290 0.463 0.433 0.717 forward+backward
15.520 14 0.287 0.461 0.430 0.717 forward+backward
15.560 14 0.291 0.461 0.433 0.715 forward+backward
15.600 14 0.286 0.457 0.430 0.714 forward+backward
15.640 14 0.287 0.453 0.432 0.710 forward+backward
15.680 14 0.286 0.450 0.430 0.708 forward+backward
15.720 14 0.284 0.446 0.430 0.707 forward+backward
15.760 14 0.287 0.446 0.432 0.704 forward+backward
15.800 14 0.284 0.443 0.428 0.701 forward+backward
15.840 14 0.286 0.451 0.430 0.710 detection
15.880 14 0.288 0.449 0.435 0.710 forward
15.920 14 0.287 0.449 0.431 0.707 forward
15.960 14 0.291 0.450 0.434 0.706 forward
16.000 14 0.285 0.451 0.426 0.703 forward
16.040 14 0.295 0.458 0.431 0.701 forward
16.080 14 0.287 0.453 0.425 0.700 forward
16.120 14 0.291 0.451 0.430 0.701 forward
16.160 14 0.285 0.446 0.430 0.706 forward
16.200 14 0.289 0.446 0.434 0.704 forward
13.880 15 0.555 0.183 0.679 0.403 backward
13.920 15 0.560 0.185 0.681 0.400 detection
13.960 15 0.554 0.185 0.674 0.400 forward+backward
14.000 15 0.555 0.185 0.675 0.399 forward+backward
14.040 15 0.549 0.183 0.671 0.400 forward+backward
14.080 15 0.546 0.182 0.669 0.400 forward+backward
14.120 15 0.542 0.183 0.666 0.404 forward+backward
14.160 15 0.540 0.185 0.665 0.407 forward+backward
14.200 15 0.538 0.185 0.664 0.410 forward+backward
14.240 15 0.536 0.189 0.662 0.412 forward+backward
14.280 15 0.535 0.193 0.660 0.415 forward+backward
14.320 15 0.537 0.197 0.662 0.418 forward+backward
14.360 15 0.536 0.199 0.661 0.422 forward+backward
14.400 15 0.534 0.208 0.655 0.424 detection
14.440 15 0.532 0.206 0.655 0.425 forward+backward
14.480 15 0.534 0.204 0.659 0.425 forward+backward
14.520 15 0.531 0.204 0.655 0.424 forward+backward
14.560 15 0.532 0.201 0.659 0.428 forward+backward
14.600 15 0.534 0.196 0.662 0.425 forward+backward
14.640 15 0.532 0.194 0.661 0.424 forward+backward
14.680 15 0.537 0.196 0.664 0.422 forward+backward
14.720 15 0.535 0.194 0.663 0.424 forward+backward
14.760 15 0.537 0.194 0.666 0.424 forward+backward
14.800 15 0.537 0.194 0.667 0.426 forward+backward
14.840 15 0.537 0.197 0.669 0.429 forward+backward
14.880 15 0.547 0.208 0.668 0.424 detection
14.920 15 0.548 0.224 0.669 0.438 forward
14.960 15 0.552 0.239 0.673 0.454 forward
15.000 15 0.554 0.254 0.674 0.468 forward
15.040 15 0.555 0.267 0.677 0.483 forward
15.080 15 0.559 0.274 0.682 0.493 forward
15.120 15 0.560 0.275 0.684 0.496 forward
15.160 15 0.560 0.274 0.684 0.494 forward
15.200 15 0.562 0.268 0.684 0.486 forward
15.240 15 0.559 0.257 0.683 0.476 forward
15.280 15 0.553 0.243 0.677 0.464 forward
15.320 15 0.552 0.233 0.676 0.453 forward
15.360 15 0.543 0.226 0.667 0.447 forward
15.400 15 0.543 0.225 0.667 0.446 forward
15.440 15 0.538 0.228 0.664 0.451 forward
15.480 15 0.541 0.226 0.670 0.453 forward
15.520 15 0.535 0.236 0.662 0.463 forward
15.560 15 0.535 0.244 0.661 0.469 forward
15.600 15 0.538 0.249 0.663 0.471 forward
15.640 15 0.539 0.247 0.662 0.464 forward
15.680 15 0.542 0.240 0.667 0.464 forward
15.720 15 0.543 0.232 0.669 0.456 forward
15.760 15 0.540 0.226 0.668 0.454 forward
15.800 15 0.543 0.224 0.672 0.453 forward
15.840 15 0.541 0.221 0.670 0.451 forward
15.880 15 0.545 0.217 0.675 0.449 forward
15.920 15 0.542 0.212 0.673 0.446 forward
15.960 15 0.546 0.210 0.678 0.444 forward
16.000 15 0.543 0.207 0.675 0.442 forward
16.040 15 0.547 0.206 0.679 0.440 forward
16.080 15 0.545 0.204 0.675 0.438 forward
16.120 15 0.545 0.204 0.675 0.436 forward
16.160 15 0.547 0.203 0.678 0.435 forward
16.200 15 0.540 0.200 0.670 0.433 forward
17.240 16 0.422 0.172 0.564 0.425 backward
17.280 16 0.427 0.171 0.570 0.425 backward
17.320 16 0.430 0.168 0.574 0.424 backward
17.360 16 0.434 0.165 0.577 0.421 backward
17.400 16 0.438 0.165 0.580 0.419 backward
17.440 16 0.434 0.161 0.580 0.419 backward
17.480 16 0.438 0.158 0.584 0.417 backward
17.520 16 0.437 0.156 0.584 0.418 backward
17.560 16 0.438 0.157 0.586 0.418 backward
17.600 16 0.436 0.161 0.580 0.418 backward
17.640 16 0.436 0.163 0.583 0.422 backward
17.680 16 0.438 0.164 0.585 0.424 backward
17.720 16 0.443 0.168 0.587 0.424 backward
17.760 16 0.447 0.164 0.592 0.422 detection
17.800 16 0.452 0.176 0.586 0.415 forward+backward
17.840 16 0.456 0.181 0.590 0.417 forward+backward
17.880 16 0.460 0.182 0.593 0.419 forward+backward
17.920 16 0.462 0.185 0.595 0.422 forward+backward
17.960 16 0.463 0.185 0.598 0.425 forward+backward
18.000 16 0.461 0.185 0.596 0.425 forward+backward
18.040 16 0.464 0.185 0.600 0.428 forward+backward
18.080 16 0.463 0.186 0.598 0.426 forward+backward
18.120 16 0.466 0.188 0.602 0.429 forward+backward
18.160 16 0.463 0.188 0.600 0.431 forward+backward
18.200 16 0.464 0.185 0.604 0.435 forward+backward
18.240 16 0.466 0.208 0.588 0.424 detection
18.280 16 0.459 0.201 0.587 0.429 forward
18.320 16 0.455 0.204 0.584 0.435 forward
