3.437 0 0.503 0.258 0.594 0.419 backward
3.470 0 0.505 0.261 0.597 0.422 backward
3.504 0 0.505 0.261 0.598 0.428 backward
3.537 0 0.505 0.258 0.603 0.431 backward
3.570 0 0.502 0.261 0.600 0.433 backward
3.604 0 0.506 0.264 0.603 0.436 backward
3.637 0 0.505 0.267 0.600 0.433 backward
3.670 0 0.505 0.264 0.600 0.433 backward
3.704 0 0.505 0.264 0.600 0.433 backward
3.737 0 0.503 0.261 0.600 0.433 detection
3.770 0 0.502 0.258 0.598 0.433 forward
3.804 0 0.495 0.256 0.595 0.433 forward
3.837 0 0.497 0.258 0.592 0.431 forward
3.871 0 0.498 0.258 0.595 0.431 forward
3.904 0 0.491 0.256 0.589 0.431 forward
3.770 1 0.503 0.269 0.602 0.442 backward
3.804 1 0.503 0.267 0.602 0.442 backward
3.837 1 0.500 0.269 0.598 0.442 backward
3.871 1 0.498 0.269 0.595 0.442 backward
3.904 1 0.498 0.269 0.595 0.444 backward
3.937 1 0.495 0.272 0.594 0.444 backward
3.971 1 0.492 0.269 0.591 0.447 backward
4.004 1 0.489 0.272 0.586 0.447 backward
4.037 1 0.494 0.275 0.591 0.447 backward
4.071 1 0.492 0.275 0.588 0.444 backward
4.104 1 0.487 0.281 0.584 0.450 backward
4.137 1 0.483 0.278 0.580 0.450 backward
4.171 1 0.480 0.281 0.575 0.453 backward
4.204 1 0.481 0.281 0.578 0.453 detection
4.238 1 0.478 0.283 0.575 0.453 forward+backward
4.271 1 0.478 0.283 0.573 0.456 forward+backward
4.304 1 0.478 0.283 0.573 0.456 forward+backward
4.338 1 0.481 0.286 0.575 0.453 forward+backward
4.371 1 0.477 0.286 0.570 0.453 forward+backward
4.404 1 0.481 0.286 0.575 0.453 forward+backward
4.438 1 0.478 0.283 0.572 0.450 forward+backward
4.471 1 0.481 0.286 0.573 0.450 forward+backward
4.505 1 0.475 0.283 0.569 0.450 forward+backward
4.538 1 0.475 0.281 0.573 0.456 forward+backward
4.571 1 0.473 0.281 0.570 0.456 forward+backward
4.605 1 0.472 0.283 0.567 0.453 forward+backward
4.638 1 0.475 0.283 0.570 0.453 forward+backward
4.671 1 0.470 0.281 0.567 0.453 detection
4.705 1 0.472 0.278 0.570 0.453 forward+backward
4.738 1 0.473 0.281 0.569 0.450 forward+backward
4.771 1 0.473 0.281 0.569 0.453 forward+backward
4.805 1 0.473 0.281 0.569 0.453 forward+backward
4.838 1 0.472 0.281 0.569 0.453 forward+backward
4.872 1 0.472 0.281 0.569 0.453 forward+backward
4.905 1 0.472 0.281 0.569 0.453 forward+backward
4.938 1 0.469 0.281 0.567 0.453 forward+backward
4.972 1 0.467 0.278 0.567 0.456 forward+backward
5.005 1 0.466 0.278 0.566 0.456 forward+backward
5.038 1 0.469 0.278 0.569 0.456 forward+backward
5.072 1 0.466 0.278 0.564 0.453 forward+backward
5.105 1 0.467 0.278 0.566 0.456 forward+backward
5.138 1 0.470 0.281 0.567 0.453 detection
5.172 2 0.381 0.297 0.475 0.464 backward
5.205 2 0.384 0.294 0.478 0.464 backward
5.239 2 0.380 0.297 0.473 0.464 backward
5.272 2 0.381 0.294 0.477 0.464 backward
5.305 2 0.381 0.294 0.477 0.464 backward
5.339 2 0.386 0.294 0.481 0.464 backward
5.372 2 0.384 0.294 0.480 0.464 backward
5.405 2 0.384 0.294 0.481 0.467 backward
5.439 2 0.384 0.294 0.481 0.469 backward
5.472 2 0.384 0.294 0.481 0.469 backward
5.506 2 0.384 0.297 0.481 0.472 backward
5.539 2 0.384 0.297 0.481 0.472 backward
5.572 2 0.386 0.297 0.484 0.472 backward
5.606 2 0.384 0.300 0.481 0.472 detection
5.639 2 0.383 0.297 0.480 0.472 forward+backward
5.672 2 0.381 0.297 0.480 0.472 forward+backward
5.706 2 0.380 0.297 0.480 0.475 forward+backward
5.739 2 0.381 0.297 0.480 0.472 forward+backward
5.772 2 0.380 0.297 0.478 0.472 forward+backward
5.806 2 0.380 0.297 0.480 0.475 forward+backward
5.839 2 0.380 0.297 0.480 0.475 forward+backward
5.873 2 0.380 0.300 0.478 0.475 forward+backward
5.906 2 0.380 0.300 0.478 0.475 forward+backward
5.939 2 0.380 0.303 0.478 0.475 forward+backward
5.973 2 0.383 0.303 0.480 0.475 forward+backward
6.006 2 0.384 0.303 0.481 0.475 forward+backward
6.039 2 0.384 0.303 0.481 0.475 forward+backward
6.073 2 0.384 0.300 0.481 0.472 detection
6.106 2 0.384 0.294 0.483 0.469 forward+backward
6.139 2 0.386 0.297 0.483 0.469 forward+backward
6.173 2 0.386 0.297 0.483 0.469 forward+backward
6.206 2 0.383 0.297 0.480 0.469 forward+backward
6.240 2 0.386 0.297 0.484 0.472 forward+backward
6.273 2 0.383 0.300 0.480 0.472 forward+backward
6.306 2 0.388 0.303 0.483 0.472 forward+backward
6.340 2 0.383 0.303 0.478 0.472 forward+backward
6.373 2 0.386 0.303 0.481 0.472 forward+backward
6.406 2 0.383 0.303 0.478 0.472 forward+backward
6.440 2 0.386 0.303 0.480 0.472 forward+backward
6.473 2 0.383 0.303 0.480 0.472 forward+backward
6.507 2 0.383 0.303 0.480 0.475 forward+backward
6.540 2 0.384 0.300 0.481 0.472 detection
6.573 2 0.388 0.308 0.481 0.475 forward+backward
6.607 2 0.386 0.308 0.481 0.478 forward+backward
6.640 2 0.386 0.308 0.481 0.478 forward+backward
6.673 2 0.383 0.308 0.480 0.481 forward+backward
6.707 2 0.388 0.308 0.484 0.481 forward+backward
6.740 2 0.383 0.308 0.480 0.481 forward+backward
6.773 2 0.384 0.311 0.480 0.483 forward+backward
6.807 2 0.383 0.311 0.480 0.483 forward+backward
6.840 2 0.383 0.311 0.481 0.486 forward+backward
6.874 2 0.383 0.311 0.481 0.486 forward+backward
6.907 2 0.381 0.308 0.481 0.489 forward+backward
6.940 2 0.381 0.311 0.481 0.489 forward+backward
6.974 2 0.380 0.311 0.480 0.489 forward+backward
7.007 2 0.384 0.319 0.481 0.492 detection
7.040 2 0.384 0.319 0.481 0.489 forward+backward
7.074 2 0.386 0.319 0.481 0.489 forward+backward
7.107 2 0.384 0.319 0.480 0.489 forward+backward
7.140 2 0.388 0.322 0.481 0.489 forward+backward
7.174 2 0.388 0.322 0.481 0.489 forward+backward
7.207 2 0.384 0.322 0.480 0.489 forward+backward
7.241 2 0.384 0.322 0.480 0.492 forward+backward
7.274 2 0.388 0.322 0.481 0.489 forward+backward
7.307 2 0.384 0.322 0.478 0.489 forward+backward
7.341 2 0.386 0.322 0.481 0.492 forward+backward
7.374 2 0.386 0.322 0.480 0.492 forward+backward
7.407 2 0.384 0.319 0.481 0.492 forward+backward
7.441 2 0.383 0.322 0.480 0.492 forward+backward
7.474 2 0.384 0.319 0.481 0.492 detection
7.508 2 0.386 0.319 0.483 0.492 forward+backward
7.541 2 0.384 0.319 0.481 0.492 forward+backward
7.574 2 0.384 0.319 0.481 0.492 forward+backward
7.608 2 0.386 0.322 0.481 0.492 forward+backward
7.641 2 0.384 0.322 0.478 0.492 forward+backward
7.674 2 0.386 0.322 0.481 0.492 forward+backward
7.708 2 0.383 0.322 0.478 0.492 forward+backward
7.741 2 0.384 0.322 0.480 0.492 forward+backward
7.774 2 0.381 0.322 0.477 0.492 forward+backward
7.808 2 0.380 0.322 0.477 0.492 forward+backward
7.841 2 0.373 0.319 0.472 0.492 forward+backward
7.875 2 0.377 0.319 0.475 0.494 forward+backward
7.908 2 0.372 0.317 0.470 0.494 forward+backward
7.941 2 0.373 0.319 0.470 0.492 detection
7.975 2 0.377 0.319 0.473 0.489 forward
8.008 2 0.380 0.317 0.477 0.489 forward
8.041 2 0.380 0.317 0.473 0.486 forward
8.075 2 0.384 0.311 0.480 0.478 forward
8.108 2 0.386 0.297 0.480 0.464 backward
8.141 2 0.395 0.297 0.491 0.464 backward
8.175 2 0.402 0.297 0.498 0.467 backward
8.208 2 0.400 0.294 0.502 0.469 backward
8.242 2 0.406 0.297 0.506 0.472 backward
8.275 2 0.403 0.297 0.503 0.472 backward
8.308 2 0.406 0.297 0.509 0.478 backward
8.342 2 0.402 0.297 0.503 0.475 backward
8.375 2 0.406 0.297 0.508 0.475 backward
8.408 2 0.405 0.300 0.503 0.472 detection
8.442 2 0.405 0.303 0.502 0.472 forward+backward
8.475 2 0.405 0.306 0.502 0.475 forward+backward
8.509 2 0.402 0.308 0.498 0.478 forward+backward
8.542 2 0.403 0.308 0.502 0.481 forward+backward
8.575 2 0.400 0.311 0.497 0.481 forward+backward
8.609 2 0.402 0.314 0.498 0.481 forward+backward
8.642 2 0.398 0.311 0.495 0.478 forward+backward
8.675 2 0.398 0.306 0.495 0.478 forward+backward
8.709 2 0.397 0.306 0.492 0.475 forward+backward
8.742 2 0.400 0.303 0.495 0.472 forward+backward
8.775 2 0.394 0.300 0.491 0.472 forward+backward
8.809 2 0.395 0.300 0.495 0.472 forward+backward
8.842 2 0.391 0.300 0.489 0.472 forward+backward
8.876 2 0.394 0.300 0.492 0.472 detection
8.909 2 0.389 0.300 0.487 0.475 forward+backward
8.942 2 0.389 0.300 0.489 0.475 forward+backward
8.976 2 0.386 0.300 0.486 0.472 forward+backward
9.009 2 0.388 0.300 0.487 0.472 forward+backward
9.042 2 0.386 0.300 0.484 0.472 forward+backward
9.076 2 0.388 0.300 0.486 0.475 forward+backward
9.109 2 0.388 0.297 0.487 0.475 forward+backward
9.142 2 0.384 0.300 0.483 0.472 forward+backward
9.176 2 0.386 0.297 0.484 0.472 forward+backward
9.209 2 0.388 0.300 0.486 0.472 forward+backward
9.243 2 0.384 0.297 0.483 0.469 forward+backward
9.276 2 0.388 0.297 0.484 0.469 forward+backward
9.309 2 0.386 0.300 0.483 0.469 forward+backward
9.343 2 0.384 0.300 0.481 0.472 detection
9.376 2 0.386 0.300 0.484 0.472 forward
9.409 2 0.384 0.300 0.481 0.472 forward
9.443 2 0.389 0.303 0.484 0.472 forward
9.476 2 0.386 0.300 0.483 0.472 forward
9.510 2 0.389 0.300 0.486 0.472 forward
9.543 2 0.384 0.300 0.481 0.472 forward
9.576 2 0.388 0.297 0.484 0.469 forward
9.610 3 0.480 0.264 0.580 0.444 backward
9.643 3 0.481 0.261 0.583 0.442 backward
9.676 3 0.487 0.261 0.588 0.439 backward
9.710 3 0.483 0.261 0.581 0.436 backward
9.743 3 0.489 0.261 0.588 0.436 backward
9.776 3 0.487 0.258 0.588 0.436 backward
9.810 3 0.492 0.261 0.589 0.433 detection
9.843 3 0.491 0.256 0.591 0.431 forward+backward
9.877 3 0.491 0.256 0.591 0.431 forward+backward
9.910 3 0.492 0.256 0.591 0.431 forward+backward
9.943 3 0.492 0.258 0.591 0.431 forward+backward
9.977 3 0.494 0.258 0.592 0.433 forward+backward
10.010 3 0.495 0.258 0.594 0.436 forward+backward
10.043 3 0.495 0.258 0.594 0.436 forward+backward
10.077 3 0.497 0.261 0.597 0.436 forward+backward
10.110 3 0.498 0.261 0.598 0.436 forward+backward
10.143 3 0.500 0.264 0.600 0.439 forward+backward
10.177 3 0.502 0.264 0.600 0.439 forward+backward
10.210 3 0.502 0.264 0.600 0.439 forward+backward
10.244 3 0.502 0.264 0.602 0.442 forward+backward
10.277 3 0.503 0.261 0.600 0.433 detection
10.310 3 0.505 0.269 0.600 0.439 forward+backward
10.344 3 0.502 0.267 0.598 0.442 forward+backward
10.377 3 0.503 0.267 0.602 0.442 forward+backward
10.410 3 0.502 0.267 0.598 0.439 forward+backward
10.444 3 0.502 0.269 0.598 0.442 forward+backward
10.477 3 0.498 0.267 0.597 0.442 forward+backward
10.511 3 0.498 0.269 0.595 0.442 forward+backward
10.544 3 0.500 0.269 0.595 0.442 forward+backward
10.577 3 0.495 0.267 0.594 0.442 forward+backward
10.611 3 0.498 0.275 0.592 0.442 forward+backward
10.644 3 0.495 0.275 0.591 0.442 forward+backward
10.677 3 0.494 0.275 0.589 0.444 forward+backward
10.711 3 0.495 0.275 0.591 0.444 forward+backward
10.744 3 0.492 0.281 0.589 0.453 detection
10.777 3 0.494 0.275 0.592 0.450 forward+backward
10.811 3 0.495 0.281 0.592 0.450 forward+backward
10.844 3 0.492 0.281 0.588 0.450 forward+backward
10.878 3 0.495 0.281 0.591 0.450 forward+backward
10.911 3 0.494 0.281 0.588 0.447 forward+backward
10.944 3 0.492 0.281 0.589 0.453 forward+backward
10.978 3 0.491 0.278 0.588 0.453 forward+backward
11.011 3 0.489 0.281 0.588 0.453 forward+backward
11.044 3 0.491 0.281 0.588 0.453 forward+backward
11.078 3 0.489 0.281 0.586 0.453 forward+backward
11.111 3 0.491 0.286 0.584 0.453 forward+backward
11.144 3 0.491 0.286 0.584 0.453 forward+backward
11.178 3 0.489 0.289 0.583 0.456 forward+backward
11.211 3 0.492 0.281 0.589 0.453 detection
11.245 3 0.486 0.275 0.589 0.458 forward+backward
11.278 3 0.484 0.275 0.589 0.461 forward+backward
11.311 3 0.486 0.275 0.592 0.464 forward+backward
11.345 3 0.483 0.275 0.592 0.469 forward+backward
11.378 3 0.483 0.278 0.591 0.467 forward+backward
11.411 3 0.486 0.278 0.592 0.469 forward+backward
11.445 3 0.481 0.278 0.591 0.472 forward+backward
11.478 3 0.483 0.278 0.592 0.472 forward+backward
11.512 3 0.483 0.278 0.591 0.472 forward+backward
11.545 3 0.484 0.278 0.592 0.469 forward+backward
11.578 3 0.481 0.278 0.589 0.469 forward+backward
11.612 3 0.483 0.278 0.591 0.469 forward+backward
11.645 3 0.483 0.278 0.589 0.467 forward+backward
11.678 3 0.473 0.267 0.591 0.475 detection
11.712 3 0.475 0.264 0.595 0.478 forward
11.745 3 0.469 0.264 0.591 0.481 forward
11.778 4 0.384 0.297 0.481 0.472 backward
11.812 4 0.383 0.297 0.481 0.472 backward
11.845 4 0.383 0.297 0.481 0.472 backward
11.879 4 0.383 0.297 0.481 0.472 backward
11.912 4 0.383 0.297 0.481 0.472 backward
11.945 4 0.384 0.300 0.481 0.472 backward
11.979 4 0.384 0.300 0.481 0.472 backward
12.012 4 0.384 0.297 0.484 0.475 backward
12.045 4 0.383 0.303 0.475 0.467 backward
12.079 4 0.386 0.297 0.484 0.475 backward
12.112 4 0.381 0.300 0.480 0.472 backward
12.145 4 0.384 0.300 0.481 0.472 detection
12.179 4 0.386 0.300 0.483 0.472 forward+backward
12.212 4 0.386 0.297 0.486 0.475 forward+backward
12.246 4 0.384 0.297 0.483 0.475 forward+backward
12.279 4 0.386 0.300 0.483 0.472 forward+backward
12.312 4 0.386 0.300 0.483 0.472 forward+backward
12.346 4 0.386 0.303 0.481 0.469 forward+backward
12.379 4 0.388 0.300 0.484 0.472 forward+backward
12.412 4 0.384 0.300 0.484 0.475 forward+backward
12.446 4 0.386 0.300 0.483 0.475 forward+backward
12.479 4 0.384 0.300 0.484 0.475 forward+backward
12.513 4 0.383 0.300 0.480 0.472 forward+backward
12.546 4 0.384 0.300 0.483 0.472 forward+backward
12.579 4 0.384 0.300 0.480 0.472 forward+backward
12.613 4 0.384 0.300 0.481 0.472 detection
12.646 4 0.386 0.300 0.484 0.472 forward+backward
12.679 4 0.386 0.300 0.484 0.475 forward+backward
12.713 4 0.383 0.300 0.481 0.472 forward+backward
12.746 4 0.386 0.300 0.484 0.472 forward+backward
12.779 4 0.383 0.300 0.480 0.472 forward+backward
12.813 4 0.386 0.303 0.483 0.472 forward+backward
12.846 4 0.386 0.300 0.483 0.472 forward+backward
12.880 4 0.388 0.303 0.483 0.472 forward+backward
12.913 4 0.389 0.303 0.484 0.469 forward+backward
12.946 4 0.391 0.300 0.486 0.469 forward+backward
12.980 4 0.392 0.303 0.487 0.469 forward+backward
13.013 4 0.394 0.300 0.489 0.469 forward+backward
13.046 4 0.392 0.300 0.487 0.469 forward+backward
13.080 4 0.394 0.300 0.492 0.472 detection
13.113 4 0.395 0.292 0.492 0.464 forward+backward
13.146 4 0.391 0.289 0.491 0.464 forward+backward
13.180 4 0.394 0.289 0.494 0.464 forward+backward
13.213 4 0.394 0.289 0.492 0.464 forward+backward
13.247 4 0.394 0.289 0.492 0.461 forward+backward
13.280 4 0.394 0.289 0.494 0.464 forward+backward
13.313 4 0.392 0.289 0.492 0.464 forward+backward
13.347 4 0.395 0.289 0.495 0.464 forward+backward
13.380 4 0.394 0.289 0.494 0.464 forward+backward
13.413 4 0.395 0.289 0.497 0.467 forward+backward
13.447 4 0.394 0.289 0.494 0.464 forward+backward
13.480 4 0.397 0.289 0.495 0.464 forward+backward
13.514 4 0.394 0.292 0.492 0.464 forward+backward
13.547 4 0.394 0.281 0.492 0.453 detection
13.580 4 0.394 0.286 0.492 0.461 forward+backward
13.614 4 0.392 0.286 0.492 0.461 forward+backward
13.647 4 0.392 0.283 0.492 0.461 forward+backward
13.680 4 0.391 0.283 0.491 0.458 forward+backward
13.714 4 0.392 0.283 0.492 0.458 forward+backward
13.747 4 0.391 0.283 0.487 0.458 forward+backward
13.780 4 0.388 0.289 0.484 0.458 forward+backward
13.814 4 0.386 0.292 0.478 0.456 forward+backward
13.847 4 0.380 0.297 0.475 0.464 forward+backward
13.881 4 0.383 0.297 0.477 0.461 forward+backward
13.914 4 0.377 0.294 0.472 0.464 forward+backward
13.947 4 0.373 0.294 0.470 0.464 forward+backward
13.981 4 0.372 0.294 0.467 0.464 forward+backward
14.014 4 0.373 0.300 0.470 0.472 detection
14.047 4 0.375 0.306 0.466 0.464 forward+backward
14.081 4 0.380 0.303 0.472 0.464 forward+backward
14.114 4 0.383 0.306 0.473 0.464 forward+backward
14.147 4 0.386 0.303 0.478 0.464 forward+backward
14.181 4 0.391 0.303 0.481 0.464 forward+backward
14.214 4 0.388 0.303 0.478 0.464 forward+backward
14.248 4 0.392 0.303 0.483 0.464 forward+backward
14.281 4 0.397 0.303 0.486 0.461 forward+backward
14.314 4 0.398 0.303 0.489 0.461 forward+backward
14.348 4 0.400 0.303 0.491 0.461 forward+backward
14.381 4 0.402 0.303 0.492 0.464 forward+backward
14.414 4 0.400 0.303 0.492 0.464 forward+backward
14.448 4 0.403 0.303 0.495 0.464 forward+backward
14.481 4 0.409 0.314 0.491 0.456 detection
14.515 4 0.408 0.314 0.491 0.458 forward+backward
14.548 4 0.409 0.314 0.492 0.458 forward+backward
14.581 4 0.408 0.314 0.492 0.461 forward+backward
14.615 4 0.411 0.314 0.494 0.458 forward+backward
14.648 4 0.411 0.314 0.494 0.458 forward+backward
14.681 4 0.414 0.314 0.494 0.456 forward+backward
14.715 4 0.412 0.314 0.492 0.456 forward+backward
14.748 4 0.414 0.314 0.495 0.453 forward+backward
14.781 4 0.412 0.314 0.494 0.453 forward+backward
14.815 4 0.412 0.314 0.492 0.456 forward+backward
14.848 4 0.411 0.314 0.492 0.456 forward+backward
14.882 4 0.412 0.314 0.494 0.456 forward+backward
14.915 4 0.411 0.314 0.492 0.453 forward+backward
14.948 4 0.409 0.314 0.491 0.456 detection
14.982 4 0.408 0.308 0.497 0.464 forward+backward
15.015 4 0.405 0.308 0.494 0.461 forward+backward
15.048 4 0.405 0.308 0.494 0.461 forward+backward
15.082 4 0.406 0.308 0.495 0.461 forward+backward
15.115 4 0.403 0.306 0.492 0.461 forward+backward
15.148 4 0.403 0.308 0.492 0.461 forward+backward
15.182 4 0.400 0.308 0.489 0.464 forward+backward
15.215 4 0.402 0.308 0.491 0.464 forward+backward
15.249 4 0.400 0.308 0.491 0.467 forward+backward
15.282 4 0.397 0.308 0.487 0.464 forward+backward
15.315 4 0.397 0.306 0.489 0.467 forward+backward
15.349 4 0.397 0.306 0.487 0.467 forward+backward
15.382 4 0.397 0.306 0.487 0.464 forward+backward
15.415 4 0.394 0.300 0.492 0.472 detection
15.449 4 0.392 0.303 0.487 0.469 forward+backward
15.482 4 0.392 0.300 0.491 0.475 forward+backward
15.516 4 0.391 0.303 0.484 0.469 forward+backward
15.549 4 0.394 0.303 0.489 0.472 forward+backward
15.582 4 0.391 0.303 0.486 0.469 forward+backward
15.616 4 0.391 0.303 0.489 0.475 forward+backward
15.649 4 0.386 0.300 0.486 0.478 forward+backward
15.682 4 0.388 0.300 0.487 0.475 forward+backward
15.716 4 0.388 0.300 0.486 0.472 forward+backward
15.749 4 0.388 0.300 0.486 0.472 forward+backward
15.782 4 0.386 0.300 0.484 0.472 forward+backward
15.816 4 0.384 0.297 0.486 0.475 forward+backward
15.849 4 0.383 0.297 0.483 0.472 forward+backward
15.883 4 0.384 0.300 0.481 0.472 detection
15.916 4 0.383 0.300 0.481 0.475 forward+backward
15.949 4 0.383 0.300 0.481 0.472 forward+backward
15.983 4 0.383 0.300 0.481 0.472 forward+backward
16.016 4 0.383 0.300 0.481 0.472 forward+backward
16.049 4 0.383 0.300 0.481 0.472 forward+backward
16.083 4 0.384 0.300 0.483 0.472 forward+backward
16.116 4 0.386 0.300 0.484 0.472 forward+backward
16.149 4 0.388 0.300 0.486 0.475 forward+backward
16.183 4 0.389 0.300 0.487 0.475 forward+backward
16.216 4 0.389 0.300 0.487 0.475 forward+backward
16.250 4 0.392 0.303 0.487 0.472 forward+backward
16.283 4 0.392 0.300 0.489 0.472 forward+backward
16.316 4 0.394 0.303 0.489 0.469 forward+backward
16.350 4 0.394 0.300 0.492 0.472 detection
16.383 4 0.392 0.297 0.487 0.467 forward+backward
16.416 4 0.395 0.297 0.492 0.469 forward+backward
16.450 4 0.392 0.297 0.489 0.469 forward+backward
16.483 4 0.392 0.297 0.491 0.472 forward+backward
16.517 4 0.391 0.300 0.487 0.472 forward+backward
16.550 4 0.394 0.300 0.491 0.472 forward+backward
16.583 4 0.391 0.300 0.486 0.469 forward+backward
16.617 4 0.391 0.300 0.489 0.475 forward+backward
16.650 4 0.389 0.300 0.486 0.472 forward+backward
16.683 4 0.389 0.300 0.489 0.475 forward+backward
16.717 4 0.388 0.300 0.486 0.472 forward+backward
16.750 4 0.388 0.300 0.486 0.475 forward+backward
16.783 4 0.386 0.300 0.486 0.475 forward+backward
16.817 4 0.384 0.300 0.481 0.472 detection
16.850 4 0.384 0.308 0.475 0.467 forward+backward
16.884 4 0.389 0.311 0.477 0.469 forward+backward
16.917 4 0.386 0.314 0.473 0.469 forward+backward
16.950 4 0.386 0.314 0.472 0.467 forward+backward
16.984 4 0.384 0.311 0.472 0.467 forward+backward
17.017 4 0.381 0.308 0.469 0.464 forward+backward
17.050 4 0.383 0.311 0.469 0.464 forward+backward
17.084 4 0.381 0.308 0.469 0.461 forward+backward
17.117 4 0.380 0.306 0.467 0.461 forward+backward
17.150 4 0.380 0.306 0.466 0.461 forward+backward
17.184 4 0.378 0.306 0.466 0.461 forward+backward
17.217 4 0.378 0.306 0.464 0.458 forward+backward
17.251 4 0.380 0.306 0.466 0.461 forward+backward
17.284 4 0.383 0.314 0.463 0.456 detection
17.317 4 0.384 0.314 0.464 0.456 forward
17.351 4 0.383 0.314 0.463 0.456 forward
17.384 4 0.384 0.314 0.466 0.456 forward
17.417 4 0.383 0.314 0.463 0.456 forward
17.451 4 0.384 0.314 0.467 0.458 forward
17.484 4 0.384 0.311 0.466 0.456 forward
17.518 5 0.494 0.278 0.591 0.450 backward
17.551 5 0.494 0.278 0.591 0.450 backward
17.584 5 0.495 0.275 0.594 0.450 backward
17.618 5 0.494 0.278 0.591 0.450 backward
17.651 5 0.494 0.275 0.594 0.453 backward
17.684 5 0.492 0.281 0.589 0.453 backward
17.718 5 0.492 0.278 0.594 0.456 backward
17.751 5 0.492 0.281 0.589 0.453 detection
17.784 5 0.492 0.281 0.589 0.453 forward+backward
17.818 5 0.492 0.281 0.589 0.453 forward+backward
17.851 5 0.492 0.278 0.588 0.450 forward+backward
17.885 5 0.492 0.281 0.588 0.450 forward+backward
17.918 5 0.492 0.281 0.588 0.450 forward+backward
17.951 5 0.492 0.281 0.586 0.450 forward+backward
17.985 5 0.494 0.283 0.588 0.450 forward+backward
18.018 5 0.492 0.281 0.588 0.450 forward+backward
18.051 5 0.492 0.281 0.588 0.450 forward+backward
18.085 5 0.492 0.281 0.589 0.450 forward+backward
18.118 5 0.492 0.281 0.589 0.450 forward+backward
18.151 5 0.492 0.281 0.589 0.453 forward+backward
18.185 5 0.492 0.281 0.589 0.453 forward+backward
18.218 5 0.492 0.281 0.589 0.453 detection
18.252 5 0.494 0.281 0.591 0.453 forward+backward
18.285 5 0.494 0.281 0.591 0.453 forward+backward
18.318 5 0.494 0.278 0.592 0.453 forward+backward
18.352 5 0.494 0.281 0.592 0.456 forward+backward
18.385 5 0.491 0.278 0.592 0.456 forward+backward
18.418 5 0.494 0.281 0.594 0.456 forward+backward
18.452 5 0.491 0.278 0.591 0.456 forward+backward
18.485 5 0.491 0.278 0.591 0.456 forward+backward
18.519 5 0.492 0.281 0.591 0.456 forward+backward
18.552 5 0.489 0.278 0.589 0.458 forward+backward
18.585 5 0.492 0.281 0.591 0.456 forward+backward
18.619 5 0.491 0.281 0.589 0.456 forward+backward
18.652 5 0.489 0.281 0.589 0.456 forward+backward
18.685 5 0.492 0.281 0.589 0.453 detection
18.719 5 0.492 0.289 0.591 0.461 forward+backward
18.752 5 0.489 0.286 0.586 0.461 forward+backward
18.785 5 0.491 0.289 0.589 0.464 forward+backward
18.819 5 0.489 0.289 0.588 0.464 forward+backward
18.852 5 0.492 0.289 0.589 0.464 forward+backward
18.886 5 0.489 0.289 0.588 0.461 forward+backward
18.919 5 0.492 0.289 0.589 0.464 forward+backward
18.952 5 0.491 0.289 0.588 0.464 forward+backward
18.986 5 0.492 0.292 0.589 0.464 forward+backward
19.019 5 0.492 0.292 0.589 0.464 forward+backward
19.052 5 0.492 0.292 0.589 0.464 forward+backward
19.086 5 0.492 0.292 0.591 0.464 forward+backward
19.119 5 0.492 0.292 0.589 0.464 forward+backward
19.152 5 0.492 0.300 0.589 0.472 detection
19.186 5 0.492 0.300 0.589 0.472 forward
19.219 5 0.492 0.300 0.589 0.472 forward
19.253 5 0.494 0.300 0.591 0.472 forward
19.286 5 0.494 0.300 0.591 0.472 forward
19.319 5 0.494 0.300 0.591 0.472 forward
19.353 5 0.494 0.300 0.591 0.472 forward
19.386 5 0.494 0.300 0.591 0.472 forward
19.419 6 0.370 0.300 0.467 0.472 backward
19.453 6 0.372 0.303 0.466 0.469 backward
19.486 6 0.373 0.300 0.470 0.472 backward
19.520 6 0.373 0.300 0.470 0.472 backward
19.553 6 0.373 0.300 0.470 0.472 backward
19.586 6 0.373 0.300 0.470 0.472 backward
19.620 6 0.373 0.300 0.470 0.472 detection
19.653 6 0.372 0.300 0.469 0.472 forward+backward
19.686 6 0.372 0.300 0.469 0.472 forward+backward
19.720 6 0.372 0.300 0.467 0.469 forward+backward
19.753 6 0.372 0.300 0.470 0.472 forward+backward
19.786 6 0.370 0.300 0.466 0.469 forward+backward
19.820 6 0.370 0.300 0.467 0.472 forward+backward
19.853 6 0.369 0.303 0.466 0.472 forward+backward
19.887 6 0.369 0.300 0.467 0.472 forward+backward
19.920 6 0.369 0.300 0.467 0.475 forward+backward
19.953 6 0.369 0.303 0.467 0.475 forward+backward
19.987 6 0.370 0.303 0.466 0.475 forward+backward
20.020 6 0.372 0.303 0.470 0.478 forward+backward
20.053 6 0.372 0.303 0.469 0.475 forward+backward
20.087 6 0.373 0.300 0.470 0.472 detection
20.120 6 0.375 0.297 0.473 0.469 forward+backward
20.153 6 0.378 0.294 0.477 0.469 forward+backward
20.187 6 0.380 0.297 0.478 0.469 forward+backward
20.220 6 0.380 0.297 0.477 0.469 forward+backward
20.254 6 0.381 0.297 0.480 0.472 forward+backward
20.287 6 0.383 0.294 0.483 0.472 forward+backward
20.320 6 0.383 0.294 0.484 0.472 forward+backward
20.354 6 0.384 0.294 0.486 0.472 forward+backward
20.387 6 0.384 0.294 0.484 0.475 forward+backward
20.420 6 0.388 0.297 0.487 0.475 forward+backward
20.454 6 0.389 0.297 0.489 0.475 forward+backward
20.487 6 0.391 0.297 0.491 0.472 forward+backward
20.521 6 0.394 0.297 0.494 0.475 forward+backward
20.554 6 0.394 0.300 0.492 0.472 detection
20.587 6 0.394 0.300 0.492 0.472 forward
20.621 6 0.394 0.300 0.492 0.472 forward
20.654 6 0.392 0.303 0.487 0.469 forward
20.687 6 0.392 0.300 0.492 0.472 forward
20.721 6 0.391 0.303 0.487 0.469 forward
20.754 6 0.394 0.303 0.491 0.472 forward
20.787 6 0.389 0.303 0.486 0.472 forward
20.821 6 0.391 0.300 0.491 0.478 forward
20.854 6 0.389 0.300 0.489 0.475 forward
20.888 6 0.389 0.300 0.489 0.475 forward
20.921 6 0.389 0.300 0.489 0.475 forward
20.954 6 0.389 0.303 0.484 0.469 forward
20.988 6 0.394 0.303 0.489 0.469 forward
21.021 7 0.481 0.281 0.578 0.453 detection
21.054 7 0.481 0.278 0.580 0.456 forward+backward
21.088 7 0.483 0.281 0.581 0.453 forward+backward
21.121 7 0.480 0.275 0.578 0.450 forward+backward
21.154 7 0.477 0.269 0.575 0.444 forward+backward
21.188 7 0.477 0.264 0.573 0.436 forward+backward
21.221 7 0.475 0.264 0.572 0.436 forward+backward
21.255 7 0.475 0.258 0.573 0.433 forward+backward
21.288 7 0.473 0.258 0.570 0.431 forward+backward
21.321 7 0.473 0.258 0.572 0.433 forward+backward
21.355 7 0.473 0.261 0.573 0.436 forward+backward
21.388 7 0.473 0.261 0.573 0.436 forward+backward
21.421 7 0.475 0.264 0.573 0.436 forward+backward
21.455 7 0.477 0.261 0.575 0.436 forward+backward
21.488 7 0.481 0.261 0.578 0.433 detection
21.522 7 0.477 0.267 0.573 0.439 forward+backward
21.555 7 0.480 0.267 0.578 0.439 forward+backward
21.588 7 0.477 0.269 0.575 0.442 forward+backward
21.622 7 0.473 0.272 0.570 0.444 forward+backward
21.655 7 0.470 0.272 0.567 0.444 forward+backward
21.688 7 0.467 0.272 0.566 0.447 forward+backward
21.722 7 0.466 0.272 0.566 0.447 forward+backward
21.755 7 0.467 0.272 0.567 0.447 forward+backward
21.788 7 0.467 0.272 0.567 0.447 forward+backward
21.822 7 0.469 0.269 0.567 0.447 forward+backward
21.855 7 0.469 0.272 0.569 0.447 forward+backward
21.889 7 0.469 0.272 0.567 0.447 forward+backward
21.922 7 0.470 0.272 0.569 0.450 forward+backward
21.955 7 0.470 0.281 0.567 0.453 detection
21.989 7 0.473 0.278 0.569 0.450 forward+backward
22.022 7 0.473 0.278 0.570 0.450 forward+backward
22.055 7 0.473 0.281 0.569 0.450 forward+backward
22.089 7 0.475 0.281 0.572 0.450 forward+backward
22.122 7 0.475 0.281 0.572 0.453 forward+backward
22.155 7 0.478 0.283 0.575 0.453 forward+backward
22.189 7 0.478 0.281 0.573 0.453 forward+backward
22.222 7 0.478 0.281 0.575 0.453 forward+backward
22.256 7 0.478 0.281 0.575 0.453 forward+backward
22.289 7 0.478 0.281 0.575 0.453 forward+backward
22.322 7 0.480 0.281 0.577 0.450 forward+backward
22.356 7 0.481 0.281 0.577 0.453 forward+backward
22.389 7 0.481 0.283 0.577 0.453 forward+backward
22.422 7 0.481 0.281 0.578 0.453 detection
22.456 7 0.481 0.278 0.578 0.453 forward+backward
22.489 7 0.484 0.281 0.581 0.450 forward+backward
22.523 7 0.484 0.281 0.581 0.453 forward+backward
22.556 7 0.484 0.281 0.581 0.453 forward+backward
22.589 7 0.486 0.281 0.583 0.453 forward+backward
22.623 7 0.487 0.281 0.584 0.453 forward+backward
22.656 7 0.484 0.278 0.584 0.453 forward+backward
22.689 7 0.491 0.281 0.588 0.453 forward+backward
22.723 7 0.486 0.281 0.583 0.453 forward+backward
22.756 7 0.491 0.281 0.588 0.453 forward+backward
22.789 7 0.491 0.281 0.588 0.453 forward+backward
22.823 7 0.491 0.281 0.589 0.456 forward+backward
22.856 7 0.489 0.281 0.588 0.456 forward+backward
22.890 7 0.492 0.281 0.589 0.453 detection
22.923 7 0.492 0.281 0.589 0.453 forward
22.956 7 0.494 0.283 0.591 0.456 forward
22.990 7 0.494 0.286 0.592 0.458 forward
23.023 7 0.495 0.286 0.592 0.458 forward
23.056 7 0.495 0.289 0.592 0.458 forward
23.090 7 0.497 0.289 0.592 0.458 forward
23.123 7 0.502 0.292 0.595 0.458 forward
23.156 7 0.500 0.289 0.594 0.458 forward
23.190 7 0.500 0.289 0.594 0.458 forward
23.223 7 0.500 0.289 0.594 0.458 forward
23.257 7 0.500 0.289 0.594 0.458 forward
23.290 8 0.386 0.286 0.483 0.461 backward
23.323 8 0.383 0.283 0.481 0.458 backward
23.357 8 0.384 0.281 0.481 0.453 detection
23.390 8 0.386 0.289 0.480 0.456 forward+backward
23.423 8 0.386 0.283 0.481 0.453 forward+backward
23.457 8 0.384 0.283 0.480 0.453 forward+backward
23.490 8 0.386 0.286 0.483 0.458 forward+backward
23.524 8 0.384 0.289 0.480 0.461 forward+backward
23.557 8 0.386 0.289 0.483 0.461 forward+backward
23.590 8 0.384 0.294 0.481 0.467 forward+backward
23.624 8 0.386 0.306 0.483 0.478 forward+backward
23.657 8 0.388 0.308 0.486 0.483 forward+backward
23.690 8 0.384 0.308 0.483 0.483 forward+backward
23.724 8 0.386 0.311 0.483 0.483 forward+backward
23.757 8 0.384 0.306 0.483 0.478 forward+backward
23.790 8 0.383 0.297 0.483 0.475 forward+backward
23.824 8 0.384 0.300 0.481 0.472 detection
23.857 8 0.386 0.300 0.481 0.469 forward+backward
23.891 8 0.386 0.300 0.481 0.469 forward+backward
23.924 8 0.383 0.297 0.478 0.467 forward+backward
23.957 8 0.386 0.300 0.480 0.467 forward+backward
23.991 8 0.384 0.297 0.480 0.469 forward+backward
24.024 8 0.383 0.297 0.478 0.469 forward+backward
24.057 8 0.386 0.297 0.481 0.469 forward+backward
24.091 8 0.384 0.297 0.480 0.467 forward+backward
24.124 8 0.384 0.297 0.480 0.467 forward+backward
24.157 8 0.386 0.297 0.483 0.469 forward+backward
24.191 8 0.384 0.297 0.481 0.469 forward+backward
24.224 8 0.386 0.297 0.483 0.469 forward+backward
24.258 8 0.384 0.297 0.481 0.469 forward+backward
24.291 8 0.384 0.300 0.481 0.472 detection
24.324 8 0.386 0.300 0.483 0.472 forward+backward
24.358 8 0.384 0.303 0.480 0.469 forward+backward
24.391 8 0.384 0.300 0.483 0.475 forward+backward
24.424 8 0.381 0.297 0.481 0.475 forward+backward
24.458 8 0.384 0.300 0.481 0.475 forward+backward
24.491 8 0.386 0.303 0.481 0.472 forward+backward
24.525 8 0.383 0.303 0.480 0.475 forward+backward
24.558 8 0.384 0.306 0.480 0.475 forward+backward
24.591 8 0.386 0.311 0.481 0.478 forward+backward
24.625 8 0.384 0.311 0.480 0.481 forward+backward
24.658 8 0.384 0.308 0.483 0.483 forward+backward
24.691 8 0.388 0.308 0.481 0.475 forward+backward
24.725 8 0.383 0.303 0.483 0.478 forward+backward
24.758 8 0.384 0.300 0.481 0.472 detection
24.791 8 0.384 0.297 0.480 0.469 forward+backward
24.825 8 0.386 0.300 0.481 0.469 forward+backward
24.858 8 0.383 0.300 0.478 0.469 forward+backward
24.892 8 0.386 0.300 0.481 0.467 forward+backward
24.925 8 0.384 0.303 0.478 0.469 forward+backward
24.958 8 0.386 0.303 0.480 0.469 forward+backward
24.992 8 0.383 0.303 0.478 0.472 forward+backward
25.025 8 0.384 0.303 0.480 0.472 forward+backward
25.058 8 0.384 0.303 0.480 0.472 forward+backward
25.092 8 0.384 0.300 0.478 0.469 forward+backward
25.125 8 0.388 0.303 0.480 0.467 forward+backward
25.158 8 0.383 0.300 0.477 0.467 forward+backward
25.192 8 0.384 0.300 0.481 0.469 forward+backward
25.225 8 0.384 0.300 0.481 0.472 detection
25.259 8 0.384 0.303 0.480 0.472 forward+backward
25.292 8 0.386 0.306 0.481 0.475 forward+backward
25.325 8 0.384 0.311 0.480 0.481 forward+backward
25.359 8 0.388 0.314 0.483 0.483 forward+backward
25.392 8 0.384 0.314 0.478 0.481 forward+backward
25.425 8 0.389 0.314 0.483 0.483 forward+backward
25.459 8 0.386 0.311 0.481 0.481 forward+backward
25.492 8 0.386 0.306 0.483 0.478 forward+backward
25.526 8 0.386 0.303 0.481 0.472 forward+backward
25.559 8 0.384 0.300 0.483 0.475 forward+backward
25.592 8 0.384 0.300 0.481 0.472 forward+backward
25.626 8 0.384 0.297 0.481 0.472 forward+backward
25.659 8 0.386 0.297 0.483 0.472 forward+backward
25.692 8 0.384 0.300 0.481 0.472 detection
25.726 8 0.384 0.297 0.483 0.475 forward+backward
25.759 8 0.384 0.303 0.483 0.478 forward+backward
25.792 8 0.386 0.308 0.483 0.481 forward+backward
25.826 8 0.384 0.311 0.481 0.483 forward+backward
25.859 8 0.386 0.311 0.483 0.483 forward+backward
25.893 8 0.384 0.311 0.483 0.483 forward+backward
25.926 8 0.386 0.311 0.483 0.481 forward+backward
25.959 8 0.386 0.306 0.481 0.478 forward+backward
25.993 8 0.384 0.303 0.481 0.475 forward+backward
26.026 8 0.384 0.300 0.481 0.472 forward+backward
26.059 8 0.386 0.303 0.481 0.472 forward+backward
26.093 8 0.383 0.297 0.481 0.472 forward+backward
26.126 8 0.384 0.297 0.483 0.472 forward+backward
26.159 8 0.384 0.300 0.481 0.472 detection
26.193 8 0.384 0.300 0.481 0.472 forward
26.226 8 0.384 0.300 0.481 0.472 forward
26.260 8 0.384 0.303 0.481 0.475 forward
26.293 8 0.381 0.300 0.480 0.475 forward
26.326 8 0.384 0.303 0.481 0.475 forward
26.360 8 0.384 0.303 0.481 0.475 forward
26.393 8 0.384 0.303 0.481 0.475 forward
26.426 8 0.386 0.303 0.484 0.475 forward
26.460 8 0.381 0.300 0.480 0.475 forward
26.493 8 0.386 0.303 0.486 0.481 forward
26.527 9 0.492 0.258 0.589 0.431 backward
26.560 9 0.492 0.258 0.589 0.431 backward
26.593 9 0.492 0.258 0.589 0.431 backward
26.627 9 0.492 0.261 0.589 0.433 detection
26.660 9 0.483 0.258 0.589 0.447 forward+backward
26.693 9 0.486 0.258 0.591 0.444 forward+backward
26.727 9 0.483 0.258 0.586 0.444 forward+backward
26.760 9 0.484 0.256 0.589 0.442 forward+backward
26.793 9 0.483 0.258 0.586 0.439 forward+backward
26.827 9 0.487 0.258 0.591 0.442 forward+backward
26.860 9 0.483 0.256 0.589 0.444 forward+backward
26.894 9 0.483 0.256 0.591 0.447 forward+backward
26.927 9 0.481 0.256 0.588 0.447 forward+backward
26.960 9 0.486 0.258 0.591 0.447 forward+backward
26.994 9 0.483 0.256 0.588 0.442 forward+backward
27.027 9 0.484 0.253 0.591 0.442 forward+backward
27.060 9 0.481 0.253 0.588 0.439 forward+backward
27.094 9 0.473 0.244 0.591 0.453 detection
27.127 9 0.477 0.247 0.584 0.439 forward+backward
27.160 9 0.478 0.247 0.586 0.439 forward+backward
27.194 9 0.475 0.247 0.581 0.439 forward+backward
27.227 9 0.478 0.250 0.584 0.436 forward+backward
27.261 9 0.477 0.253 0.581 0.439 forward+backward
27.294 9 0.477 0.253 0.581 0.439 forward+backward
27.327 9 0.478 0.253 0.581 0.439 forward+backward
27.361 9 0.478 0.256 0.583 0.439 forward+backward
27.394 9 0.478 0.253 0.583 0.439 forward+backward
27.427 9 0.478 0.256 0.583 0.439 forward+backward
27.461 9 0.478 0.256 0.583 0.442 forward+backward
27.494 9 0.478 0.256 0.583 0.442 forward+backward
27.528 9 0.478 0.256 0.583 0.442 forward+backward
27.561 9 0.481 0.261 0.578 0.433 detection
27.594 9 0.486 0.261 0.583 0.433 forward+backward
27.628 9 0.486 0.261 0.583 0.431 forward+backward
27.661 9 0.486 0.261 0.583 0.431 forward+backward
27.694 9 0.487 0.261 0.583 0.433 forward+backward
27.728 9 0.487 0.261 0.583 0.433 forward+backward
27.761 9 0.487 0.261 0.583 0.433 forward+backward
27.794 9 0.487 0.261 0.583 0.433 forward+backward
27.828 9 0.487 0.261 0.584 0.433 forward+backward
27.861 9 0.487 0.261 0.584 0.433 forward+backward
27.895 9 0.487 0.261 0.584 0.433 forward+backward
27.928 9 0.487 0.261 0.584 0.433 forward+backward
27.961 9 0.487 0.261 0.584 0.433 forward+backward
27.995 9 0.487 0.261 0.584 0.433 forward+backward
28.028 9 0.492 0.261 0.589 0.433 detection
28.061 9 0.494 0.264 0.589 0.433 forward+backward
28.095 9 0.492 0.261 0.589 0.433 forward+backward
28.128 9 0.494 0.261 0.592 0.436 forward+backward
28.161 9 0.491 0.261 0.589 0.436 forward+backward
28.195 9 0.486 0.261 0.584 0.436 forward+backward
28.228 9 0.491 0.264 0.586 0.433 forward+backward
28.262 9 0.487 0.264 0.583 0.433 forward+backward
28.295 9 0.491 0.264 0.586 0.431 forward+backward
28.328 9 0.489 0.261 0.586 0.433 forward+backward
28.362 9 0.492 0.264 0.588 0.433 forward+backward
28.395 9 0.492 0.264 0.588 0.433 forward+backward
28.428 9 0.492 0.264 0.588 0.433 forward+backward
28.462 9 0.492 0.264 0.588 0.433 forward+backward
28.495 9 0.492 0.261 0.589 0.433 detection
28.529 9 0.489 0.264 0.588 0.436 forward+backward
28.562 9 0.491 0.264 0.588 0.436 forward+backward
28.595 9 0.492 0.264 0.589 0.436 forward+backward
28.629 9 0.492 0.264 0.591 0.436 forward+backward
28.662 9 0.494 0.264 0.592 0.439 forward+backward
28.695 9 0.494 0.264 0.594 0.442 forward+backward
28.729 9 0.494 0.264 0.594 0.442 forward+backward
28.762 9 0.495 0.267 0.594 0.439 forward+backward
28.795 9 0.492 0.264 0.589 0.436 forward+backward
28.829 9 0.495 0.264 0.594 0.439 forward+backward
28.862 9 0.491 0.261 0.591 0.439 forward+backward
28.896 9 0.492 0.261 0.589 0.436 forward+backward
28.929 9 0.494 0.258 0.591 0.431 forward+backward
28.962 9 0.492 0.261 0.589 0.433 detection
28.996 9 0.487 0.258 0.588 0.436 forward
29.029 9 0.492 0.261 0.589 0.433 forward
29.062 9 0.492 0.261 0.589 0.433 forward
29.096 9 0.492 0.261 0.589 0.433 forward
29.263 10 0.392 0.297 0.494 0.475 backward
29.296 10 0.402 0.300 0.500 0.472 backward
29.329 10 0.403 0.300 0.502 0.472 backward
29.363 10 0.405 0.300 0.503 0.472 backward
29.396 10 0.405 0.300 0.503 0.472 backward
29.429 10 0.405 0.300 0.503 0.472 detection
29.463 10 0.403 0.300 0.502 0.475 forward+backward
29.496 10 0.403 0.300 0.502 0.475 forward+backward
29.530 10 0.400 0.303 0.498 0.475 forward+backward
29.563 10 0.402 0.303 0.500 0.475 forward+backward
29.596 10 0.400 0.306 0.498 0.481 forward+backward
29.630 10 0.400 0.311 0.498 0.483 forward+backward
29.663 10 0.397 0.314 0.495 0.486 forward+backward
29.696 10 0.397 0.317 0.495 0.492 forward+backward
29.730 10 0.398 0.319 0.497 0.489 forward+backward
29.763 10 0.397 0.319 0.495 0.492 forward+backward
29.796 10 0.397 0.319 0.495 0.492 forward+backward
29.830 10 0.395 0.319 0.494 0.492 forward+backward
29.863 10 0.395 0.319 0.494 0.492 forward+backward
29.897 10 0.394 0.319 0.492 0.492 detection
29.930 10 0.391 0.319 0.491 0.494 forward+backward
29.963 10 0.392 0.322 0.492 0.494 forward+backward
29.997 10 0.391 0.322 0.487 0.492 forward+backward
30.030 10 0.394 0.325 0.491 0.494 forward+backward
30.063 10 0.392 0.322 0.491 0.494 forward+backward
30.097 10 0.392 0.322 0.491 0.494 forward+backward
30.130 10 0.394 0.325 0.491 0.494 forward+backward
30.163 10 0.392 0.325 0.491 0.494 forward+backward
30.197 10 0.391 0.322 0.491 0.494 forward+backward
30.230 10 0.391 0.322 0.489 0.494 forward+backward
30.264 10 0.392 0.319 0.491 0.492 forward+backward
30.297 10 0.392 0.317 0.491 0.489 forward+backward
30.330 10 0.392 0.314 0.492 0.489 forward+backward
30.364 10 0.394 0.319 0.492 0.492 detection
30.397 10 0.394 0.319 0.492 0.492 forward
30.430 10 0.395 0.322 0.494 0.494 forward
30.464 10 0.400 0.319 0.502 0.497 forward
30.497 10 0.402 0.325 0.500 0.497 forward
30.531 10 0.406 0.322 0.508 0.497 forward
30.564 10 0.405 0.325 0.503 0.497 forward
30.597 10 0.411 0.325 0.508 0.494 forward
30.631 10 0.417 0.319 0.516 0.494 forward
30.664 10 0.422 0.319 0.522 0.492 forward
30.697 10 0.430 0.314 0.530 0.492 forward
30.731 10 0.427 0.317 0.527 0.489 forward
30.764 10 0.434 0.319 0.534 0.492 forward
30.797 10 0.442 0.322 0.545 0.500 forward
31.164 11 0.511 0.275 0.611 0.447 backward
31.198 11 0.517 0.278 0.616 0.450 backward
31.231 11 0.517 0.278 0.616 0.450 backward
31.265 11 0.517 0.278 0.617 0.450 backward
31.298 11 0.523 0.281 0.622 0.453 detection
31.331 11 0.527 0.283 0.625 0.458 forward+backward
31.365 11 0.525 0.289 0.623 0.461 forward+backward
31.398 11 0.527 0.289 0.625 0.461 forward+backward
31.431 11 0.523 0.297 0.622 0.472 forward+backward
31.465 11 0.519 0.306 0.617 0.481 forward+backward
31.498 11 0.512 0.314 0.611 0.489 forward+backward
31.532 11 0.506 0.319 0.605 0.492 forward+backward
31.565 11 0.506 0.319 0.605 0.492 forward+backward
31.598 11 0.502 0.319 0.602 0.494 forward+backward
31.632 11 0.498 0.317 0.598 0.494 forward+backward
31.665 11 0.495 0.319 0.592 0.492 forward+backward
31.698 11 0.494 0.319 0.592 0.492 forward+backward
31.732 11 0.495 0.319 0.592 0.492 forward+backward
31.765 11 0.492 0.319 0.589 0.492 detection
31.798 11 0.494 0.319 0.592 0.494 forward
31.832 11 0.492 0.319 0.589 0.492 forward
31.865 11 0.494 0.319 0.589 0.492 forward
31.899 11 0.494 0.319 0.589 0.492 forward
31.932 11 0.494 0.322 0.589 0.494 forward
31.965 11 0.494 0.322 0.591 0.494 forward
31.999 11 0.494 0.322 0.591 0.494 forward
32.032 11 0.495 0.322 0.592 0.494 forward
32.065 11 0.494 0.322 0.591 0.494 forward
32.099 11 0.494 0.322 0.591 0.494 forward
32.132 11 0.494 0.322 0.591 0.494 forward
32.165 11 0.494 0.325 0.591 0.494 forward
32.199 11 0.497 0.325 0.594 0.494 forward
32.232 11 0.494 0.325 0.588 0.494 forward
32.266 11 0.498 0.325 0.594 0.497 forward
32.299 11 0.494 0.325 0.589 0.494 forward
32.332 11 0.495 0.325 0.591 0.494 forward
32.366 11 0.495 0.322 0.592 0.494 forward
32.399 11 0.495 0.322 0.592 0.494 forward
32.432 11 0.498 0.325 0.595 0.494 forward
32.466 11 0.497 0.322 0.594 0.494 forward
32.499 11 0.498 0.319 0.597 0.494 forward
32.533 11 0.497 0.319 0.594 0.492 forward
32.566 11 0.498 0.322 0.594 0.492 forward
32.599 12 0.509 0.378 0.603 0.544 backward
32.633 12 0.509 0.378 0.603 0.544 backward
32.666 12 0.506 0.378 0.602 0.544 backward
32.699 12 0.509 0.378 0.603 0.542 backward
32.733 12 0.509 0.378 0.603 0.542 backward
32.766 12 0.508 0.378 0.602 0.542 backward
32.799 12 0.509 0.378 0.603 0.542 backward
32.833 12 0.508 0.378 0.602 0.542 backward
32.866 12 0.511 0.378 0.605 0.542 backward
32.900 12 0.511 0.378 0.605 0.542 backward
32.933 12 0.511 0.378 0.605 0.542 backward
32.966 12 0.511 0.378 0.603 0.542 backward
33.000 12 0.511 0.378 0.603 0.542 backward
33.033 12 0.511 0.378 0.603 0.539 backward
33.066 12 0.511 0.378 0.603 0.539 backward
33.100 12 0.509 0.378 0.603 0.542 backward
33.133 12 0.509 0.375 0.603 0.542 backward
33.166 12 0.508 0.372 0.603 0.539 backward
33.200 12 0.511 0.375 0.606 0.542 backward
33.233 12 0.509 0.375 0.605 0.542 backward
33.267 12 0.508 0.375 0.603 0.542 backward
33.300 12 0.509 0.375 0.605 0.542 backward
33.333 12 0.508 0.372 0.603 0.542 backward
33.367 12 0.511 0.372 0.606 0.539 backward
33.400 12 0.511 0.372 0.606 0.539 backward
33.433 12 0.509 0.369 0.605 0.539 backward
33.467 12 0.511 0.367 0.608 0.533 backward
33.500 12 0.514 0.358 0.611 0.531 backward
33.534 12 0.517 0.353 0.616 0.525 backward
33.567 12 0.517 0.350 0.616 0.522 backward
33.600 12 0.520 0.344 0.619 0.517 backward
33.634 12 0.523 0.339 0.622 0.511 detection
33.667 12 0.527 0.333 0.625 0.506 forward
33.700 12 0.531 0.325 0.628 0.494 forward
33.734 12 0.525 0.331 0.622 0.500 forward
33.767 12 0.528 0.322 0.625 0.492 forward
33.800 12 0.530 0.314 0.628 0.486 forward
33.834 12 0.520 0.306 0.620 0.478 forward
33.934 12 0.517 0.269 0.622 0.458 backward
33.967 12 0.516 0.261 0.625 0.456 backward
34.001 12 0.512 0.253 0.622 0.450 backward
34.034 12 0.517 0.253 0.630 0.450 backward
34.067 12 0.511 0.250 0.623 0.450 backward
34.101 12 0.512 0.244 0.630 0.453 detection
34.134 12 0.517 0.253 0.625 0.442 forward+backward
34.167 12 0.519 0.253 0.627 0.442 forward+backward
34.201 12 0.520 0.256 0.628 0.444 forward+backward
34.234 12 0.520 0.256 0.630 0.447 forward+backward
34.268 12 0.519 0.256 0.630 0.450 forward+backward
34.301 12 0.525 0.261 0.634 0.456 forward+backward
34.334 12 0.525 0.269 0.631 0.458 forward+backward
34.368 12 0.520 0.272 0.628 0.461 forward+backward
34.401 12 0.525 0.275 0.631 0.461 forward+backward
34.434 12 0.522 0.272 0.628 0.464 forward+backward
34.468 12 0.517 0.267 0.628 0.461 forward+backward
34.501 12 0.512 0.258 0.625 0.456 forward+backward
34.535 12 0.506 0.253 0.616 0.447 forward+backward
34.568 12 0.512 0.261 0.611 0.433 detection
34.601 12 0.506 0.258 0.602 0.428 forward
34.635 12 0.500 0.256 0.597 0.425 forward
34.668 12 0.492 0.256 0.591 0.428 forward
34.701 12 0.484 0.256 0.581 0.425 forward
34.735 12 0.481 0.256 0.578 0.425 forward
34.768 12 0.477 0.258 0.573 0.428 forward
34.801 12 0.469 0.261 0.566 0.428 forward
34.835 12 0.464 0.264 0.559 0.428 forward
34.868 12 0.459 0.267 0.553 0.431 forward
34.902 12 0.456 0.264 0.552 0.431 forward
34.935 12 0.452 0.272 0.545 0.433 forward
34.968 12 0.448 0.272 0.542 0.436 forward
34.668 13 0.495 0.267 0.586 0.428 backward
34.701 13 0.489 0.269 0.581 0.431 backward
34.735 13 0.487 0.269 0.578 0.433 backward
34.768 13 0.480 0.267 0.572 0.431 backward
34.801 13 0.473 0.269 0.564 0.431 backward
34.835 13 0.467 0.275 0.556 0.436 backward
34.868 13 0.459 0.278 0.550 0.439 backward
34.902 13 0.459 0.275 0.555 0.442 backward
34.935 13 0.453 0.278 0.550 0.447 backward
34.968 13 0.450 0.278 0.547 0.450 backward
35.002 13 0.450 0.281 0.548 0.453 backward
35.035 13 0.448 0.281 0.545 0.453 detection
35.068 13 0.452 0.275 0.548 0.447 forward+backward
35.102 13 0.452 0.275 0.547 0.447 forward+backward
35.135 13 0.455 0.278 0.550 0.447 forward+backward
35.168 13 0.456 0.275 0.553 0.447 forward+backward
35.202 13 0.461 0.275 0.556 0.444 forward+backward
35.235 13 0.456 0.275 0.552 0.444 forward+backward
35.269 13 0.463 0.275 0.558 0.444 forward+backward
35.302 13 0.466 0.272 0.562 0.442 forward+backward
35.335 13 0.470 0.269 0.566 0.439 forward+backward
35.369 13 0.477 0.269 0.572 0.436 forward+backward
35.402 13 0.475 0.269 0.569 0.439 forward+backward
35.435 13 0.481 0.267 0.575 0.436 forward+backward
35.469 13 0.487 0.267 0.581 0.433 forward+backward
35.502 13 0.492 0.261 0.589 0.433 detection
35.536 13 0.494 0.264 0.591 0.436 forward+backward
35.569 13 0.492 0.267 0.588 0.433 forward+backward
35.602 13 0.497 0.267 0.591 0.433 forward+backward
35.636 13 0.500 0.261 0.597 0.433 forward+backward
35.669 13 0.500 0.264 0.595 0.433 forward+backward
35.702 13 0.503 0.261 0.600 0.433 forward+backward
35.736 13 0.503 0.261 0.602 0.436 forward+backward
35.769 13 0.505 0.258 0.605 0.436 forward+backward
35.802 13 0.503 0.258 0.602 0.433 forward+backward
35.836 13 0.506 0.258 0.606 0.436 forward+backward
35.869 13 0.503 0.258 0.602 0.433 forward+backward
35.903 13 0.506 0.258 0.605 0.433 forward+backward
35.936 13 0.506 0.258 0.603 0.431 forward+backward
35.969 13 0.503 0.261 0.600 0.433 detection
36.003 13 0.503 0.261 0.600 0.433 forward
36.036 13 0.503 0.261 0.600 0.433 forward
36.069 13 0.503 0.261 0.600 0.433 forward
36.103 14 0.403 0.253 0.484 0.397 backward
36.136 14 0.402 0.256 0.483 0.397 backward
36.169 14 0.403 0.256 0.484 0.400 backward
36.203 14 0.402 0.258 0.481 0.403 backward
36.236 14 0.403 0.258 0.484 0.403 backward
36.270 14 0.400 0.258 0.483 0.403 backward
36.303 14 0.400 0.261 0.483 0.406 backward
36.336 14 0.402 0.261 0.483 0.406 backward
36.370 14 0.398 0.264 0.480 0.408 backward
36.403 14 0.402 0.264 0.484 0.408 backward
36.436 14 0.400 0.264 0.481 0.408 detection
36.470 14 0.397 0.261 0.477 0.403 forward+backward
36.503 14 0.398 0.261 0.480 0.406 forward+backward
36.537 14 0.395 0.261 0.475 0.406 forward+backward
36.570 14 0.400 0.261 0.480 0.406 forward+backward
36.603 14 0.397 0.264 0.475 0.403 forward+backward
36.637 14 0.397 0.264 0.477 0.406 forward+backward
36.670 14 0.397 0.267 0.477 0.408 forward+backward
36.703 14 0.394 0.267 0.473 0.408 forward+backward
36.737 14 0.395 0.267 0.477 0.411 forward+backward
36.770 14 0.394 0.267 0.473 0.408 forward+backward
36.803 14 0.394 0.267 0.475 0.411 forward+backward
36.837 14 0.392 0.267 0.472 0.411 forward+backward
36.870 14 0.392 0.269 0.473 0.411 forward+backward
36.904 14 0.391 0.264 0.472 0.408 detection
36.937 14 0.391 0.264 0.472 0.408 forward
36.970 14 0.389 0.264 0.469 0.408 forward
37.004 14 0.392 0.264 0.473 0.408 forward
37.037 14 0.391 0.267 0.469 0.406 forward
37.070 14 0.391 0.264 0.472 0.408 forward
37.104 14 0.391 0.264 0.472 0.411 forward
37.137 15 0.502 0.261 0.600 0.433 backward
37.170 15 0.502 0.261 0.600 0.433 backward
37.204 15 0.502 0.264 0.595 0.431 backward
37.237 15 0.503 0.261 0.600 0.433 backward
37.271 15 0.506 0.264 0.598 0.431 backward
37.304 15 0.503 0.264 0.595 0.431 backward
37.337 15 0.506 0.261 0.602 0.433 backward
37.371 15 0.503 0.261 0.600 0.433 detection
37.404 15 0.502 0.253 0.606 0.439 forward+backward
37.437 15 0.498 0.250 0.605 0.442 forward+backward
37.471 15 0.500 0.253 0.606 0.442 forward+backward
37.504 15 0.500 0.253 0.605 0.436 forward+backward
37.538 15 0.497 0.247 0.602 0.433 forward+backward
37.571 15 0.498 0.247 0.605 0.436 forward+backward
37.604 15 0.498 0.250 0.603 0.436 forward+backward
37.638 15 0.494 0.264 0.598 0.450 forward+backward
37.671 15 0.487 0.281 0.594 0.467 forward+backward
37.704 15 0.477 0.283 0.584 0.475 forward+backward
37.738 15 0.478 0.286 0.586 0.478 forward+backward
37.771 15 0.466 0.283 0.575 0.478 forward+backward
37.804 15 0.452 0.278 0.561 0.472 forward+backward
37.838 15 0.434 0.267 0.552 0.475 detection
37.871 15 0.422 0.267 0.536 0.469 forward
37.905 15 0.422 0.267 0.536 0.472 forward
37.938 15 0.405 0.261 0.525 0.472 forward
37.971 15 0.397 0.253 0.514 0.461 forward
44.177 16 0.392 0.336 0.486 0.500 backward
44.211 16 0.408 0.339 0.503 0.508 backward
44.244 16 0.405 0.342 0.500 0.508 backward
44.278 16 0.422 0.344 0.516 0.511 backward
44.311 16 0.434 0.342 0.530 0.508 backward
44.344 16 0.445 0.333 0.542 0.506 backward
44.378 16 0.459 0.339 0.556 0.511 detection
44.411 16 0.459 0.339 0.556 0.511 forward
44.444 16 0.469 0.344 0.566 0.517 forward
44.478 16 0.473 0.342 0.572 0.517 forward
44.511 16 0.477 0.336 0.575 0.511 forward
44.545 16 0.475 0.328 0.575 0.503 forward
44.578 16 0.478 0.325 0.578 0.503 forward
44.611 16 0.475 0.311 0.573 0.489 forward
44.645 16 0.472 0.306 0.572 0.483 forward
44.678 16 0.461 0.306 0.562 0.486 forward
44.711 16 0.452 0.308 0.552 0.489 forward
44.745 16 0.452 0.308 0.552 0.489 forward
44.711 17 0.466 0.303 0.581 0.508 backward
44.745 17 0.463 0.303 0.580 0.511 backward
44.778 17 0.450 0.308 0.569 0.519 backward
44.811 17 0.438 0.314 0.558 0.528 backward
44.845 17 0.422 0.314 0.539 0.522 detection
44.878 17 0.406 0.314 0.522 0.519 forward
44.912 17 0.409 0.314 0.527 0.522 forward
44.945 17 0.394 0.306 0.512 0.517 forward
44.978 17 0.381 0.294 0.502 0.508 forward
45.012 17 0.375 0.303 0.494 0.514 forward
