2.800 0 0.545 0.206 0.691 0.465 backward
2.833 0 0.551 0.215 0.698 0.476 backward
2.867 0 0.553 0.221 0.699 0.482 backward
2.900 0 0.561 0.222 0.706 0.481 backward
2.933 0 0.560 0.229 0.704 0.485 backward
2.967 0 0.560 0.232 0.705 0.487 backward
3.000 0 0.563 0.235 0.707 0.490 backward
3.033 0 0.558 0.233 0.703 0.492 backward
3.067 0 0.558 0.232 0.703 0.492 backward
3.100 0 0.559 0.235 0.705 0.494 backward
3.133 0 0.552 0.235 0.695 0.489 backward
3.167 0 0.552 0.235 0.691 0.482 backward
3.200 0 0.544 0.235 0.685 0.487 backward
3.233 0 0.543 0.235 0.684 0.487 backward
3.267 0 0.541 0.233 0.682 0.486 backward
3.300 0 0.533 0.235 0.674 0.486 backward
3.333 0 0.530 0.232 0.674 0.487 backward
3.367 0 0.522 0.226 0.666 0.482 backward
3.400 0 0.527 0.229 0.670 0.485 backward
3.433 0 0.520 0.229 0.662 0.483 backward
3.467 0 0.519 0.225 0.662 0.482 backward
3.500 0 0.512 0.222 0.656 0.479 detection
3.533 0 0.507 0.215 0.652 0.472 forward
3.567 0 0.506 0.215 0.652 0.472 forward
3.600 0 0.501 0.204 0.644 0.458 forward
3.600 0 0.508 0.222 0.645 0.467 backward
3.633 0 0.498 0.207 0.640 0.458 backward
3.667 0 0.493 0.197 0.637 0.454 backward
3.700 0 0.495 0.201 0.637 0.453 backward
3.733 0 0.487 0.197 0.630 0.451 backward
3.767 0 0.493 0.197 0.633 0.447 backward
3.800 0 0.485 0.197 0.625 0.446 backward
3.833 0 0.489 0.197 0.628 0.444 backward
3.867 0 0.483 0.197 0.620 0.439 backward
3.900 0 0.489 0.197 0.628 0.444 backward
3.933 0 0.480 0.194 0.621 0.444 backward
3.967 0 0.483 0.192 0.629 0.453 backward
4.000 0 0.479 0.193 0.624 0.451 detection
4.033 0 0.477 0.192 0.623 0.451 forward+backward
4.067 0 0.481 0.196 0.623 0.450 forward+backward
4.100 0 0.479 0.192 0.622 0.447 forward+backward
4.133 0 0.479 0.193 0.623 0.449 forward+backward
4.167 0 0.478 0.192 0.623 0.450 forward+backward
4.200 0 0.476 0.193 0.621 0.450 forward+backward
4.233 0 0.480 0.194 0.623 0.449 forward+backward
4.267 0 0.477 0.192 0.622 0.449 forward+backward
4.300 0 0.478 0.193 0.623 0.450 forward+backward
4.333 0 0.477 0.193 0.623 0.451 forward+backward
4.367 0 0.479 0.193 0.624 0.451 forward+backward
4.400 0 0.476 0.190 0.622 0.450 forward+backward
4.433 0 0.480 0.194 0.624 0.451 forward+backward
4.467 0 0.477 0.193 0.621 0.451 forward+backward
4.500 0 0.479 0.193 0.624 0.451 detection
4.533 0 0.479 0.190 0.626 0.451 forward+backward
4.567 0 0.478 0.192 0.625 0.453 forward+backward
4.600 0 0.478 0.192 0.623 0.450 forward+backward
4.633 0 0.479 0.193 0.624 0.451 forward+backward
4.667 0 0.479 0.193 0.624 0.451 forward+backward
4.700 0 0.477 0.193 0.622 0.451 forward+backward
4.733 0 0.479 0.193 0.622 0.449 forward+backward
4.767 0 0.480 0.194 0.624 0.450 forward+backward
4.800 0 0.479 0.193 0.624 0.451 forward+backward
4.833 0 0.479 0.193 0.624 0.451 forward+backward
4.867 0 0.479 0.193 0.624 0.451 forward+backward
4.900 0 0.481 0.193 0.626 0.451 forward+backward
4.933 0 0.477 0.193 0.623 0.451 forward+backward
4.967 0 0.479 0.193 0.624 0.453 forward+backward
5.000 0 0.479 0.193 0.624 0.451 detection
5.033 0 0.479 0.192 0.625 0.450 forward+backward
5.067 0 0.478 0.192 0.623 0.450 forward+backward
5.100 0 0.477 0.190 0.624 0.451 forward+backward
5.133 0 0.480 0.190 0.627 0.453 forward+backward
5.167 0 0.476 0.190 0.623 0.453 forward+backward
5.200 0 0.480 0.190 0.627 0.453 forward+backward
5.233 0 0.477 0.192 0.621 0.447 forward+backward
5.267 0 0.480 0.192 0.626 0.451 forward+backward
5.300 0 0.478 0.193 0.624 0.453 forward+backward
5.333 0 0.477 0.193 0.623 0.453 forward+backward
5.367 0 0.480 0.193 0.627 0.454 forward+backward
5.400 0 0.478 0.194 0.622 0.450 forward+backward
5.433 0 0.479 0.193 0.625 0.453 forward+backward
5.467 0 0.480 0.194 0.625 0.453 forward+backward
5.500 0 0.479 0.193 0.624 0.451 detection
5.533 0 0.480 0.193 0.623 0.447 forward+backward
5.567 0 0.477 0.188 0.622 0.447 forward+backward
5.600 0 0.480 0.192 0.625 0.450 forward+backward
5.633 0 0.477 0.192 0.621 0.447 forward+backward
5.667 0 0.481 0.192 0.625 0.447 forward+backward
5.700 0 0.477 0.192 0.622 0.447 forward+backward
5.733 0 0.480 0.192 0.627 0.451 forward+backward
5.767 0 0.477 0.189 0.624 0.451 forward+backward
5.800 0 0.480 0.188 0.628 0.453 forward+backward
5.833 0 0.477 0.188 0.626 0.451 forward+backward
5.867 0 0.478 0.189 0.626 0.451 forward+backward
5.900 0 0.478 0.189 0.626 0.451 forward+backward
5.933 0 0.480 0.190 0.627 0.453 forward+backward
5.967 0 0.477 0.190 0.624 0.451 forward+backward
6.000 0 0.481 0.190 0.627 0.450 forward+backward
6.033 0 0.480 0.190 0.626 0.450 forward+backward
6.067 0 0.480 0.190 0.626 0.450 forward+backward
6.100 0 0.479 0.190 0.625 0.450 forward+backward
6.133 0 0.481 0.192 0.627 0.450 forward+backward
6.167 0 0.483 0.197 0.620 0.443 forward+backward
6.200 0 0.482 0.197 0.621 0.444 forward+backward
6.233 0 0.482 0.194 0.625 0.449 forward+backward
6.267 0 0.479 0.194 0.622 0.449 forward+backward
6.300 0 0.481 0.194 0.624 0.449 forward+backward
6.333 0 0.478 0.194 0.623 0.451 forward+backward
6.367 0 0.481 0.193 0.627 0.453 forward+backward
6.400 0 0.478 0.194 0.623 0.451 forward+backward
6.433 0 0.480 0.193 0.627 0.454 forward+backward
6.467 0 0.479 0.193 0.626 0.454 forward+backward
6.500 0 0.479 0.193 0.624 0.451 detection
6.533 0 0.484 0.207 0.616 0.440 forward+backward
6.567 0 0.487 0.206 0.620 0.442 forward+backward
6.600 0 0.483 0.201 0.620 0.444 forward+backward
6.633 0 0.487 0.208 0.620 0.446 forward+backward
6.667 0 0.485 0.212 0.619 0.450 forward+backward
6.700 0 0.487 0.214 0.620 0.450 forward+backward
6.733 0 0.487 0.221 0.619 0.456 forward+backward
6.767 0 0.487 0.228 0.620 0.467 forward+backward
6.800 0 0.489 0.236 0.621 0.471 forward+backward
6.833 0 0.489 0.242 0.620 0.474 forward+backward
6.867 0 0.488 0.242 0.617 0.471 forward+backward
6.900 0 0.489 0.244 0.619 0.475 forward+backward
6.933 0 0.486 0.242 0.618 0.476 forward+backward
6.967 0 0.487 0.242 0.620 0.478 forward+backward
7.000 0 0.493 0.256 0.614 0.471 detection
7.033 0 0.495 0.260 0.613 0.469 forward+backward
7.067 0 0.493 0.254 0.615 0.472 forward+backward
7.100 0 0.493 0.251 0.617 0.472 forward+backward
7.133 0 0.493 0.256 0.615 0.471 forward+backward
7.167 0 0.494 0.256 0.614 0.471 forward+backward
7.200 0 0.493 0.256 0.614 0.471 forward+backward
7.233 0 0.493 0.256 0.614 0.471 forward+backward
7.267 0 0.493 0.256 0.614 0.471 forward+backward
7.300 0 0.493 0.256 0.614 0.471 forward+backward
7.333 0 0.493 0.256 0.614 0.471 forward+backward
7.367 0 0.493 0.256 0.614 0.471 forward+backward
7.400 0 0.493 0.256 0.614 0.471 forward+backward
7.433 0 0.491 0.256 0.613 0.471 forward+backward
7.467 0 0.492 0.256 0.614 0.471 forward+backward
7.500 0 0.493 0.256 0.614 0.471 detection
7.533 0 0.493 0.256 0.614 0.471 forward
7.567 0 0.493 0.256 0.614 0.471 forward
7.600 0 0.493 0.256 0.614 0.471 forward
7.633 0 0.492 0.256 0.614 0.471 forward
7.667 0 0.492 0.256 0.613 0.471 forward
7.700 0 0.492 0.256 0.613 0.471 forward
7.733 1 0.602 0.190 0.705 0.374 backward
7.767 1 0.595 0.188 0.700 0.374 backward
7.800 1 0.602 0.192 0.705 0.374 backward
7.833 1 0.595 0.188 0.700 0.374 backward
7.867 1 0.602 0.192 0.704 0.374 backward
7.900 1 0.598 0.193 0.699 0.372 backward
7.933 1 0.601 0.193 0.702 0.372 backward
7.967 1 0.598 0.193 0.699 0.372 backward
8.000 1 0.601 0.193 0.702 0.372 detection
8.033 1 0.601 0.193 0.701 0.372 forward+backward
8.067 1 0.602 0.193 0.704 0.372 forward+backward
8.100 1 0.602 0.196 0.701 0.372 forward+backward
8.133 1 0.603 0.193 0.703 0.371 forward+backward
8.167 1 0.601 0.193 0.701 0.371 forward+backward
8.200 1 0.603 0.196 0.702 0.371 forward+backward
8.233 1 0.602 0.193 0.702 0.371 forward+backward
8.267 1 0.602 0.193 0.702 0.371 forward+backward
8.300 1 0.601 0.193 0.702 0.371 forward+backward
8.333 1 0.602 0.193 0.702 0.371 forward+backward
8.367 1 0.601 0.193 0.702 0.371 forward+backward
8.400 1 0.602 0.193 0.702 0.371 forward+backward
8.433 1 0.600 0.193 0.701 0.372 forward+backward
8.467 1 0.602 0.193 0.702 0.372 forward+backward
8.500 1 0.601 0.193 0.702 0.372 detection
8.533 1 0.596 0.193 0.696 0.371 forward+backward
8.567 1 0.597 0.193 0.698 0.372 forward+backward
8.600 1 0.597 0.194 0.696 0.372 forward+backward
8.633 1 0.597 0.194 0.697 0.372 forward+backward
8.667 1 0.595 0.194 0.695 0.372 forward+backward
8.700 1 0.595 0.192 0.697 0.372 forward+backward
8.733 1 0.594 0.193 0.695 0.372 forward+backward
8.767 1 0.596 0.193 0.697 0.372 forward+backward
8.800 1 0.595 0.194 0.694 0.369 forward+backward
8.833 1 0.596 0.194 0.697 0.372 forward+backward
8.867 1 0.595 0.193 0.696 0.372 forward+backward
8.900 1 0.596 0.193 0.697 0.374 forward+backward
8.933 1 0.594 0.194 0.695 0.372 forward+backward
8.967 1 0.598 0.197 0.696 0.372 forward+backward
9.000 1 0.590 0.193 0.691 0.372 detection
9.033 1 0.589 0.193 0.689 0.372 forward+backward
9.067 1 0.590 0.193 0.691 0.372 forward+backward
9.100 1 0.589 0.193 0.689 0.372 forward+backward
9.133 1 0.591 0.193 0.691 0.371 forward+backward
9.167 1 0.590 0.194 0.689 0.371 forward+backward
9.200 1 0.591 0.193 0.691 0.371 forward+backward
9.233 1 0.590 0.193 0.691 0.372 forward+backward
9.267 1 0.591 0.193 0.691 0.372 forward+backward
9.300 1 0.589 0.193 0.689 0.372 forward+backward
9.333 1 0.590 0.190 0.692 0.372 forward+backward
9.367 1 0.588 0.193 0.690 0.372 forward+backward
9.400 1 0.591 0.193 0.692 0.372 forward+backward
9.433 1 0.587 0.190 0.690 0.374 forward+backward
9.467 1 0.591 0.193 0.692 0.374 forward+backward
9.500 1 0.590 0.193 0.691 0.372 detection
9.533 1 0.597 0.200 0.691 0.365 forward+backward
9.567 1 0.594 0.199 0.688 0.367 forward+backward
9.600 1 0.597 0.200 0.691 0.365 forward+backward
9.633 1 0.595 0.199 0.690 0.365 forward+backward
9.667 1 0.596 0.200 0.690 0.365 forward+backward
9.700 1 0.593 0.196 0.689 0.365 forward+backward
9.733 1 0.597 0.200 0.691 0.365 forward+backward
9.767 1 0.595 0.200 0.688 0.365 forward+backward
9.800 1 0.596 0.199 0.691 0.365 forward+backward
9.833 1 0.595 0.201 0.688 0.365 forward+backward
9.867 1 0.598 0.201 0.691 0.365 forward+backward
9.900 1 0.597 0.201 0.689 0.365 forward+backward
9.933 1 0.597 0.203 0.689 0.367 forward+backward
9.967 1 0.597 0.203 0.690 0.367 forward+backward
10.000 1 0.603 0.211 0.688 0.360 detection
10.033 1 0.603 0.211 0.688 0.360 forward+backward
10.067 1 0.603 0.211 0.688 0.360 forward+backward
10.100 1 0.605 0.212 0.688 0.360 forward+backward
10.133 1 0.603 0.214 0.687 0.360 forward+backward
10.167 1 0.604 0.211 0.689 0.361 forward+backward
10.200 1 0.602 0.211 0.687 0.361 forward+backward
10.233 1 0.603 0.211 0.688 0.360 forward+backward
10.267 1 0.603 0.211 0.688 0.360 forward+backward
10.300 1 0.603 0.211 0.688 0.360 forward+backward
10.333 1 0.603 0.211 0.688 0.360 forward+backward
10.367 1 0.603 0.211 0.688 0.360 forward+backward
10.400 1 0.603 0.211 0.688 0.360 forward+backward
10.433 1 0.603 0.211 0.688 0.360 forward+backward
10.467 1 0.603 0.211 0.688 0.360 forward+backward
10.500 1 0.603 0.211 0.688 0.360 detection
10.533 1 0.600 0.206 0.690 0.364 forward+backward
10.567 1 0.598 0.206 0.687 0.362 forward+backward
10.600 1 0.600 0.203 0.688 0.360 forward+backward
10.633 1 0.598 0.201 0.686 0.358 forward+backward
10.667 1 0.598 0.200 0.688 0.360 forward+backward
10.700 1 0.595 0.200 0.685 0.358 forward+backward
10.733 1 0.596 0.199 0.686 0.357 forward+backward
10.767 1 0.593 0.196 0.683 0.354 forward+backward
10.800 1 0.592 0.194 0.682 0.353 forward+backward
10.833 1 0.591 0.192 0.680 0.350 forward+backward
10.867 1 0.591 0.190 0.682 0.351 forward+backward
10.900 1 0.588 0.188 0.679 0.350 forward+backward
10.933 1 0.588 0.186 0.678 0.347 forward+backward
10.967 1 0.587 0.183 0.677 0.344 forward+backward
11.000 1 0.579 0.174 0.680 0.353 detection
11.033 1 0.585 0.181 0.679 0.347 forward+backward
11.067 1 0.585 0.179 0.678 0.346 forward+backward
11.100 1 0.585 0.179 0.678 0.343 forward+backward
11.133 1 0.584 0.178 0.677 0.340 forward+backward
11.167 1 0.588 0.179 0.678 0.339 forward+backward
11.200 1 0.585 0.179 0.674 0.338 forward+backward
11.233 1 0.588 0.179 0.678 0.338 forward+backward
11.267 1 0.587 0.179 0.675 0.336 forward+backward
11.300 1 0.588 0.179 0.676 0.335 forward+backward
11.333 1 0.588 0.176 0.677 0.335 forward+backward
11.367 1 0.588 0.176 0.677 0.335 forward+backward
11.400 1 0.588 0.174 0.678 0.336 forward+backward
11.433 1 0.588 0.174 0.678 0.335 forward+backward
11.467 1 0.588 0.172 0.679 0.335 forward+backward
11.500 1 0.594 0.178 0.678 0.326 detection
11.533 1 0.594 0.178 0.678 0.326 forward
11.567 1 0.595 0.176 0.680 0.326 forward
11.600 1 0.594 0.175 0.679 0.326 forward
11.633 1 0.594 0.176 0.679 0.325 forward
11.733 2 0.489 0.242 0.613 0.463 backward
11.767 2 0.478 0.237 0.599 0.453 backward
11.800 2 0.453 0.242 0.577 0.461 backward
11.833 2 0.439 0.249 0.562 0.468 backward
11.867 2 0.436 0.250 0.559 0.468 backward
11.900 2 0.421 0.253 0.544 0.469 backward
11.933 2 0.412 0.250 0.534 0.467 backward
11.967 2 0.409 0.232 0.529 0.443 backward
12.000 2 0.412 0.208 0.534 0.424 detection
12.033 2 0.412 0.211 0.529 0.419 forward
12.067 2 0.420 0.193 0.539 0.406 forward
12.100 2 0.430 0.188 0.548 0.397 forward
12.633 3 0.531 0.175 0.630 0.350 backward
12.667 3 0.532 0.175 0.630 0.350 backward
12.700 3 0.535 0.179 0.634 0.356 backward
12.733 3 0.540 0.185 0.637 0.358 backward
12.767 3 0.541 0.186 0.640 0.362 backward
12.800 3 0.548 0.188 0.649 0.368 backward
12.833 3 0.548 0.188 0.649 0.368 backward
12.867 3 0.549 0.190 0.652 0.372 backward
12.900 3 0.555 0.193 0.656 0.372 backward
12.933 3 0.556 0.193 0.657 0.372 backward
12.967 3 0.556 0.193 0.657 0.372 backward
13.000 3 0.556 0.193 0.657 0.372 detection
13.033 3 0.552 0.182 0.655 0.364 forward+backward
13.067 3 0.553 0.179 0.656 0.362 forward+backward
13.100 3 0.550 0.176 0.652 0.360 forward+backward
13.133 3 0.551 0.175 0.653 0.357 forward+backward
13.167 3 0.549 0.175 0.652 0.358 forward+backward
13.200 3 0.548 0.171 0.652 0.357 forward+backward
13.233 3 0.548 0.169 0.651 0.353 forward+backward
13.267 3 0.547 0.167 0.650 0.350 forward+backward
13.300 3 0.546 0.167 0.648 0.349 forward+backward
13.333 3 0.546 0.167 0.648 0.349 forward+backward
13.367 3 0.546 0.165 0.648 0.346 forward+backward
13.400 3 0.545 0.164 0.648 0.346 forward+backward
13.433 3 0.545 0.163 0.647 0.343 forward+backward
13.467 3 0.545 0.160 0.648 0.343 forward+backward
13.500 3 0.545 0.153 0.646 0.332 detection
13.533 3 0.545 0.150 0.646 0.329 forward
13.567 3 0.544 0.142 0.650 0.331 forward
13.600 3 0.540 0.135 0.648 0.325 forward
13.633 3 0.541 0.126 0.648 0.317 forward
13.667 3 0.535 0.124 0.645 0.318 forward
13.700 3 0.534 0.115 0.642 0.308 forward
13.733 3 0.531 0.104 0.639 0.296 forward
13.767 3 0.525 0.092 0.635 0.287 forward
13.800 3 0.520 0.090 0.629 0.285 forward
13.833 3 0.522 0.092 0.631 0.286 forward
13.867 3 0.514 0.092 0.626 0.290 forward
13.900 3 0.513 0.103 0.625 0.301 forward
13.933 3 0.512 0.114 0.623 0.312 forward
13.967 3 0.512 0.132 0.620 0.324 forward
13.633 4 0.541 0.154 0.637 0.326 backward
13.667 4 0.540 0.157 0.634 0.322 backward
13.700 4 0.537 0.143 0.630 0.310 backward
13.733 4 0.532 0.128 0.627 0.297 backward
13.767 4 0.530 0.118 0.626 0.287 backward
13.800 4 0.528 0.118 0.624 0.287 backward
13.833 4 0.525 0.118 0.621 0.289 backward
13.867 4 0.522 0.124 0.618 0.294 backward
13.900 4 0.515 0.126 0.614 0.303 backward
13.933 4 0.513 0.139 0.614 0.318 backward
13.967 4 0.512 0.153 0.613 0.332 backward
14.000 4 0.512 0.153 0.613 0.332 detection
14.033 4 0.511 0.164 0.612 0.342 forward+backward
14.067 4 0.509 0.175 0.610 0.354 forward+backward
14.100 4 0.509 0.186 0.609 0.361 forward+backward
14.133 4 0.506 0.186 0.604 0.360 forward+backward
14.167 4 0.508 0.186 0.605 0.358 forward+backward
14.200 4 0.506 0.185 0.601 0.353 forward+backward
14.233 4 0.505 0.176 0.601 0.347 forward+backward
14.267 4 0.507 0.172 0.603 0.343 forward+backward
14.300 4 0.512 0.167 0.609 0.340 forward+backward
14.333 4 0.509 0.163 0.609 0.339 forward+backward
14.367 4 0.517 0.165 0.616 0.342 forward+backward
14.400 4 0.524 0.169 0.623 0.346 forward+backward
14.433 4 0.532 0.174 0.631 0.350 forward+backward
14.467 4 0.535 0.183 0.633 0.356 forward+backward
14.500 4 0.534 0.174 0.634 0.353 detection
14.533 4 0.539 0.181 0.655 0.385 forward+backward
14.567 4 0.540 0.193 0.655 0.397 forward+backward
14.600 4 0.544 0.201 0.658 0.404 forward+backward
14.633 4 0.544 0.206 0.660 0.412 forward+backward
14.667 4 0.541 0.206 0.657 0.411 forward+backward
14.700 4 0.545 0.210 0.660 0.415 forward+backward
14.733 4 0.545 0.211 0.659 0.415 forward+backward
14.767 4 0.546 0.212 0.661 0.417 forward+backward
14.800 4 0.546 0.215 0.659 0.417 forward+backward
14.833 4 0.548 0.215 0.661 0.417 forward+backward
14.867 4 0.546 0.219 0.660 0.422 forward+backward
14.900 4 0.544 0.226 0.657 0.428 forward+backward
14.933 4 0.543 0.233 0.653 0.429 forward+backward
14.967 4 0.543 0.237 0.652 0.432 forward+backward
15.000 4 0.547 0.232 0.668 0.447 detection
15.033 4 0.543 0.222 0.670 0.447 forward+backward
15.067 4 0.545 0.222 0.670 0.444 forward+backward
15.100 4 0.545 0.222 0.670 0.443 forward+backward
15.133 4 0.551 0.222 0.676 0.443 forward+backward
15.167 4 0.548 0.224 0.671 0.442 forward+backward
15.200 4 0.553 0.225 0.675 0.442 forward+backward
15.233 4 0.552 0.225 0.674 0.443 forward+backward
15.267 4 0.552 0.229 0.674 0.444 forward+backward
15.300 4 0.553 0.233 0.674 0.449 forward+backward
15.333 4 0.553 0.235 0.673 0.447 forward+backward
15.367 4 0.555 0.237 0.677 0.453 forward+backward
15.400 4 0.552 0.237 0.675 0.457 forward+backward
15.433 4 0.553 0.237 0.677 0.457 forward+backward
15.467 4 0.549 0.236 0.672 0.456 forward+backward
15.500 4 0.547 0.232 0.668 0.447 detection
15.533 4 0.545 0.232 0.668 0.450 forward+backward
15.567 4 0.548 0.233 0.672 0.454 forward+backward
15.600 4 0.548 0.240 0.671 0.460 forward+backward
15.633 4 0.548 0.242 0.673 0.465 forward+backward
15.667 4 0.548 0.242 0.673 0.465 forward+backward
15.700 4 0.547 0.246 0.673 0.471 forward+backward
15.733 4 0.548 0.251 0.673 0.474 forward+backward
15.767 4 0.548 0.251 0.674 0.476 forward+backward
15.800 4 0.545 0.251 0.670 0.474 forward+backward
15.833 4 0.550 0.254 0.673 0.472 forward+backward
15.867 4 0.547 0.251 0.670 0.469 forward+backward
15.900 4 0.549 0.250 0.671 0.467 forward+backward
15.933 4 0.550 0.244 0.673 0.464 forward+backward
15.967 4 0.552 0.242 0.673 0.458 forward+backward
16.000 4 0.549 0.242 0.670 0.456 forward+backward
16.033 4 0.551 0.236 0.674 0.456 forward+backward
16.067 4 0.548 0.231 0.672 0.450 forward+backward
16.100 4 0.549 0.224 0.673 0.446 forward+backward
16.133 4 0.550 0.217 0.675 0.440 forward+backward
16.167 4 0.548 0.218 0.672 0.438 forward+backward
16.200 4 0.549 0.214 0.672 0.433 forward+backward
16.233 4 0.547 0.203 0.673 0.428 forward+backward
16.267 4 0.548 0.201 0.670 0.418 forward+backward
16.300 4 0.545 0.193 0.670 0.417 forward+backward
16.333 4 0.545 0.192 0.670 0.417 forward+backward
16.367 4 0.544 0.189 0.670 0.412 forward+backward
16.400 4 0.543 0.186 0.668 0.408 forward+backward
16.433 4 0.545 0.183 0.670 0.406 forward+backward
16.467 4 0.541 0.181 0.667 0.404 forward+backward
16.500 4 0.547 0.185 0.668 0.400 detection
16.533 4 0.552 0.189 0.668 0.393 forward
16.567 4 0.548 0.188 0.662 0.392 forward
16.600 4 0.547 0.182 0.668 0.397 forward
16.633 4 0.546 0.186 0.662 0.393 forward
16.667 4 0.552 0.188 0.667 0.392 forward
16.700 4 0.548 0.183 0.665 0.392 forward
16.733 4 0.547 0.185 0.667 0.397 forward
16.767 4 0.546 0.190 0.662 0.396 forward
16.800 4 0.548 0.192 0.664 0.397 forward
16.833 4 0.548 0.192 0.664 0.399 forward
16.867 4 0.544 0.193 0.660 0.401 forward
16.900 4 0.541 0.206 0.655 0.408 forward
16.933 4 0.545 0.206 0.659 0.408 forward
16.967 4 0.539 0.204 0.654 0.408 forward
17.000 4 0.543 0.204 0.658 0.410 forward
17.033 4 0.541 0.200 0.657 0.406 forward
17.067 4 0.543 0.190 0.663 0.404 forward
17.100 4 0.544 0.189 0.659 0.396 forward
17.133 4 0.539 0.189 0.658 0.399 forward
17.167 4 0.542 0.190 0.659 0.399 forward
17.200 4 0.544 0.211 0.660 0.418 forward+backward
17.233 4 0.539 0.219 0.657 0.428 forward+backward
17.267 4 0.537 0.231 0.652 0.432 forward+backward
17.300 4 0.534 0.235 0.647 0.436 forward+backward
17.333 4 0.536 0.235 0.650 0.438 forward+backward
17.367 4 0.530 0.235 0.648 0.443 forward+backward
17.400 4 0.528 0.235 0.646 0.444 forward+backward
17.433 4 0.533 0.232 0.649 0.440 forward+backward
17.467 4 0.533 0.225 0.652 0.438 forward+backward
17.500 4 0.534 0.232 0.655 0.447 detection
17.533 4 0.534 0.221 0.656 0.436 forward+backward
17.567 4 0.535 0.221 0.656 0.436 forward+backward
17.600 4 0.534 0.221 0.656 0.439 forward+backward
17.633 4 0.531 0.221 0.653 0.439 forward+backward
17.667 4 0.534 0.222 0.657 0.440 forward+backward
17.700 4 0.533 0.224 0.653 0.438 forward+backward
17.733 4 0.537 0.224 0.655 0.435 forward+backward
17.767 4 0.533 0.222 0.653 0.435 forward+backward
17.800 4 0.535 0.222 0.654 0.435 forward+backward
17.833 4 0.533 0.221 0.654 0.436 forward+backward
17.867 4 0.537 0.222 0.655 0.433 forward+backward
17.900 4 0.533 0.218 0.655 0.435 forward+backward
17.933 4 0.537 0.219 0.657 0.432 forward+backward
17.967 4 0.537 0.219 0.656 0.432 forward+backward
18.000 4 0.534 0.208 0.655 0.424 detection
18.033 4 0.538 0.217 0.655 0.425 forward+backward
18.067 4 0.537 0.214 0.658 0.426 forward+backward
18.100 4 0.541 0.217 0.659 0.425 forward+backward
18.133 4 0.541 0.212 0.661 0.425 forward+backward
18.167 4 0.538 0.214 0.655 0.424 forward+backward
18.200 4 0.541 0.211 0.660 0.424 forward+backward
18.233 4 0.541 0.211 0.660 0.422 forward+backward
18.267 4 0.545 0.210 0.664 0.422 forward+backward
18.300 4 0.546 0.208 0.665 0.419 forward+backward
18.333 4 0.541 0.208 0.660 0.419 forward+backward
18.367 4 0.547 0.210 0.666 0.421 forward+backward
18.400 4 0.544 0.206 0.663 0.418 forward+backward
18.433 4 0.546 0.204 0.667 0.419 forward+backward
18.467 4 0.545 0.204 0.666 0.419 forward+backward
18.500 4 0.547 0.208 0.668 0.424 detection
18.533 4 0.546 0.204 0.670 0.426 forward+backward
18.567 4 0.543 0.204 0.666 0.424 forward+backward
18.600 4 0.545 0.203 0.671 0.425 forward+backward
18.633 4 0.542 0.201 0.668 0.426 forward+backward
18.667 4 0.545 0.201 0.672 0.428 forward+backward
18.700 4 0.539 0.200 0.667 0.428 forward+backward
18.733 4 0.545 0.200 0.675 0.432 forward+backward
18.767 4 0.538 0.200 0.667 0.428 forward+backward
18.800 4 0.545 0.201 0.675 0.433 forward+backward
18.833 4 0.543 0.206 0.667 0.426 forward+backward
18.867 4 0.546 0.206 0.670 0.426 forward+backward
18.900 4 0.544 0.207 0.667 0.426 forward+backward
18.933 4 0.547 0.208 0.668 0.424 forward+backward
18.967 4 0.545 0.207 0.668 0.426 forward+backward
19.000 4 0.547 0.208 0.668 0.424 detection
19.033 4 0.547 0.208 0.668 0.424 forward
19.067 4 0.547 0.208 0.668 0.424 forward
19.100 4 0.547 0.208 0.668 0.424 forward
19.133 4 0.547 0.208 0.668 0.424 forward
19.167 4 0.547 0.208 0.668 0.424 forward
19.200 4 0.553 0.212 0.670 0.419 forward
19.233 4 0.548 0.207 0.670 0.424 forward
19.267 4 0.554 0.211 0.671 0.419 forward
19.300 4 0.549 0.207 0.671 0.424 forward
19.333 4 0.555 0.210 0.672 0.419 forward
19.367 4 0.550 0.206 0.672 0.422 forward
19.400 4 0.556 0.211 0.673 0.418 forward
19.433 4 0.552 0.206 0.673 0.422 forward
19.467 5 0.402 0.210 0.523 0.424 backward
19.500 5 0.399 0.208 0.520 0.424 detection
19.533 5 0.398 0.208 0.520 0.424 forward+backward
19.567 5 0.399 0.208 0.520 0.424 forward+backward
19.600 5 0.401 0.208 0.521 0.424 forward+backward
19.633 5 0.399 0.208 0.520 0.424 forward+backward
19.667 5 0.401 0.208 0.522 0.424 forward+backward
19.700 5 0.399 0.208 0.520 0.424 forward+backward
19.733 5 0.401 0.208 0.522 0.424 forward+backward
19.767 5 0.401 0.211 0.520 0.424 forward+backward
19.800 5 0.399 0.208 0.521 0.425 forward+backward
19.833 5 0.401 0.208 0.523 0.425 forward+backward
19.867 5 0.401 0.208 0.523 0.425 forward+backward
19.900 5 0.397 0.206 0.520 0.425 forward+backward
19.933 5 0.401 0.211 0.519 0.421 forward+backward
19.967 5 0.401 0.210 0.520 0.424 forward+backward
20.000 5 0.399 0.208 0.520 0.424 detection
20.033 5 0.398 0.211 0.522 0.429 forward+backward
20.067 5 0.401 0.211 0.523 0.429 forward+backward
20.100 5 0.399 0.211 0.522 0.429 forward+backward
20.133 5 0.401 0.211 0.523 0.429 forward+backward
20.167 5 0.399 0.211 0.522 0.428 forward+backward
20.200 5 0.401 0.212 0.523 0.428 forward+backward
20.233 5 0.402 0.214 0.523 0.428 forward+backward
20.267 5 0.402 0.215 0.520 0.425 forward+backward
20.300 5 0.404 0.212 0.523 0.425 forward+backward
20.333 5 0.399 0.211 0.520 0.424 forward+backward
20.367 5 0.403 0.206 0.524 0.421 forward+backward
20.400 5 0.405 0.189 0.525 0.403 forward+backward
20.433 5 0.409 0.174 0.529 0.386 forward+backward
20.467 5 0.410 0.157 0.530 0.369 forward+backward
20.500 5 0.412 0.161 0.534 0.375 detection
20.533 5 0.408 0.153 0.530 0.369 forward+backward
20.567 5 0.412 0.147 0.534 0.364 forward+backward
20.600 5 0.412 0.150 0.533 0.365 forward+backward
20.633 5 0.411 0.150 0.533 0.365 forward+backward
20.667 5 0.412 0.151 0.534 0.369 forward+backward
20.700 5 0.412 0.154 0.536 0.374 forward+backward
20.733 5 0.411 0.160 0.534 0.376 forward+backward
20.767 5 0.405 0.163 0.530 0.383 forward+backward
20.800 5 0.412 0.164 0.535 0.382 forward+backward
20.833 5 0.406 0.169 0.530 0.389 forward+backward
20.867 5 0.407 0.171 0.532 0.392 forward+backward
20.900 5 0.404 0.175 0.527 0.393 forward+backward
20.933 5 0.404 0.176 0.527 0.394 forward+backward
20.967 5 0.408 0.179 0.529 0.394 forward+backward
21.000 5 0.399 0.185 0.520 0.400 detection
21.033 5 0.395 0.188 0.516 0.401 forward
21.067 5 0.398 0.190 0.518 0.404 forward
21.100 5 0.395 0.194 0.514 0.404 forward
21.133 5 0.401 0.194 0.522 0.410 forward
21.167 5 0.395 0.196 0.515 0.408 forward
21.200 5 0.398 0.197 0.519 0.410 forward
21.233 5 0.397 0.197 0.516 0.408 forward
21.267 5 0.400 0.197 0.519 0.408 forward
21.300 5 0.395 0.193 0.516 0.407 forward
21.333 5 0.400 0.183 0.531 0.417 forward+backward
21.367 5 0.403 0.174 0.534 0.407 forward+backward
21.400 5 0.409 0.163 0.541 0.397 forward+backward
21.433 5 0.416 0.157 0.548 0.392 forward+backward
21.467 5 0.413 0.154 0.545 0.389 forward+backward
21.500 5 0.415 0.136 0.559 0.394 detection
21.533 5 0.414 0.128 0.559 0.386 forward+backward
21.567 5 0.415 0.126 0.556 0.379 forward+backward
21.600 5 0.419 0.124 0.561 0.378 forward+backward
21.633 5 0.410 0.119 0.555 0.378 forward+backward
21.667 5 0.420 0.122 0.562 0.375 forward+backward
21.700 5 0.415 0.119 0.556 0.371 forward+backward
21.733 5 0.420 0.118 0.563 0.375 forward+backward
21.767 5 0.414 0.118 0.557 0.374 forward+backward
21.800 5 0.417 0.119 0.559 0.374 forward+backward
21.833 5 0.416 0.117 0.559 0.372 forward+backward
21.867 5 0.417 0.117 0.560 0.372 forward+backward
21.900 5 0.412 0.113 0.557 0.369 forward+backward
21.933 5 0.420 0.111 0.566 0.369 forward+backward
21.967 5 0.412 0.111 0.559 0.371 forward+backward
22.000 5 0.415 0.107 0.559 0.365 detection
22.033 5 0.424 0.115 0.553 0.346 forward+backward
22.067 5 0.424 0.115 0.553 0.346 forward+backward
22.100 5 0.420 0.114 0.551 0.347 forward+backward
22.133 5 0.426 0.115 0.557 0.349 forward+backward
22.167 5 0.421 0.117 0.553 0.351 forward+backward
22.200 5 0.424 0.117 0.556 0.351 forward+backward
22.233 5 0.420 0.117 0.552 0.353 forward+backward
22.267 5 0.423 0.118 0.554 0.353 forward+backward
22.300 5 0.423 0.118 0.554 0.351 forward+backward
22.333 5 0.420 0.117 0.552 0.351 forward+backward
22.367 5 0.420 0.118 0.552 0.354 forward+backward
22.400 5 0.420 0.122 0.552 0.356 forward+backward
22.433 5 0.420 0.129 0.548 0.358 forward+backward
22.467 5 0.425 0.131 0.552 0.357 forward+backward
22.500 5 0.426 0.136 0.547 0.351 detection
22.533 5 0.422 0.139 0.543 0.356 forward
22.567 5 0.423 0.143 0.545 0.360 forward
22.600 5 0.419 0.149 0.540 0.364 forward
22.633 5 0.423 0.149 0.544 0.362 forward
22.667 5 0.412 0.149 0.536 0.367 forward
22.700 5 0.410 0.158 0.530 0.372 forward
22.733 5 0.405 0.167 0.523 0.376 forward
22.733 5 0.410 0.182 0.530 0.396 backward
22.767 5 0.397 0.183 0.519 0.400 backward
22.800 5 0.401 0.183 0.523 0.400 backward
22.833 5 0.395 0.189 0.516 0.404 backward
22.867 5 0.389 0.197 0.508 0.408 backward
22.900 5 0.383 0.200 0.501 0.411 backward
22.933 5 0.382 0.208 0.498 0.415 backward
22.967 5 0.378 0.210 0.495 0.418 backward
23.000 5 0.372 0.208 0.493 0.424 detection
23.033 5 0.367 0.208 0.490 0.428 forward
23.067 5 0.363 0.217 0.486 0.435 forward
23.100 5 0.359 0.218 0.482 0.438 forward
23.133 5 0.355 0.221 0.477 0.439 forward
23.167 5 0.352 0.228 0.472 0.443 forward
23.200 5 0.347 0.231 0.469 0.446 forward
23.233 5 0.343 0.233 0.465 0.450 forward
23.267 5 0.340 0.237 0.459 0.450 forward
23.300 5 0.342 0.242 0.462 0.453 forward
23.233 6 0.361 0.247 0.463 0.428 backward
23.267 6 0.356 0.254 0.457 0.433 backward
23.300 6 0.359 0.253 0.461 0.433 backward
23.333 6 0.356 0.264 0.456 0.443 backward
23.367 6 0.354 0.268 0.454 0.446 backward
23.400 6 0.348 0.274 0.448 0.451 backward
23.433 6 0.346 0.274 0.447 0.451 backward
23.467 6 0.346 0.274 0.447 0.451 backward
23.500 6 0.344 0.272 0.445 0.451 detection
23.533 6 0.339 0.269 0.440 0.447 forward
23.567 6 0.339 0.265 0.440 0.444 forward
23.600 6 0.337 0.263 0.438 0.443 forward
23.633 6 0.337 0.263 0.438 0.443 forward
23.667 6 0.334 0.263 0.435 0.442 forward
23.700 6 0.339 0.267 0.438 0.444 forward
