0.000 0 0.376 0.150 0.424 0.236 detection
0.040 0 0.376 0.150 0.424 0.236 forward+backward
0.080 0 0.376 0.150 0.424 0.236 forward+backward
0.120 0 0.376 0.150 0.424 0.236 forward+backward
0.160 0 0.376 0.150 0.424 0.236 forward+backward
0.200 0 0.376 0.150 0.424 0.236 forward+backward
0.240 0 0.376 0.150 0.424 0.236 forward+backward
0.280 0 0.376 0.150 0.424 0.236 forward+backward
0.320 0 0.376 0.150 0.424 0.236 forward+backward
0.360 0 0.376 0.150 0.424 0.236 forward+backward
0.400 0 0.376 0.150 0.424 0.236 forward+backward
0.440 0 0.376 0.150 0.424 0.236 forward+backward
0.480 0 0.376 0.150 0.424 0.236 detection
0.520 0 0.376 0.150 0.424 0.236 forward+backward
0.560 0 0.376 0.150 0.424 0.236 forward+backward
0.600 0 0.376 0.150 0.424 0.236 forward+backward
0.640 0 0.376 0.150 0.424 0.236 forward+backward
0.680 0 0.376 0.150 0.424 0.236 forward+backward
0.720 0 0.376 0.150 0.424 0.236 forward+backward
0.760 0 0.376 0.150 0.424 0.236 forward+backward
0.800 0 0.376 0.150 0.424 0.236 forward+backward
0.840 0 0.376 0.150 0.424 0.236 forward+backward
0.880 0 0.376 0.150 0.424 0.236 forward+backward
0.920 0 0.376 0.150 0.424 0.236 forward+backward
0.960 0 0.376 0.150 0.424 0.236 detection
1.000 0 0.376 0.150 0.424 0.236 forward+backward
1.040 0 0.376 0.150 0.424 0.236 forward+backward
1.080 0 0.376 0.150 0.424 0.236 forward+backward
1.120 0 0.376 0.150 0.424 0.236 forward+backward
1.160 0 0.376 0.150 0.424 0.236 forward+backward
1.200 0 0.376 0.150 0.424 0.236 forward+backward
1.240 0 0.376 0.150 0.424 0.236 forward+backward
1.280 0 0.376 0.150 0.424 0.236 forward+backward
1.320 0 0.376 0.150 0.424 0.236 forward+backward
1.360 0 0.376 0.150 0.424 0.236 forward+backward
1.400 0 0.376 0.150 0.424 0.236 forward+backward
1.440 0 0.376 0.150 0.424 0.236 detection
1.480 0 0.376 0.150 0.424 0.236 forward+backward
1.520 0 0.376 0.150 0.424 0.236 forward+backward
1.560 0 0.376 0.150 0.424 0.236 forward+backward
1.600 0 0.376 0.150 0.424 0.236 forward+backward
1.640 0 0.376 0.150 0.424 0.236 forward+backward
1.680 0 0.376 0.150 0.424 0.236 forward+backward
1.720 0 0.376 0.150 0.424 0.236 forward+backward
1.760 0 0.376 0.150 0.424 0.236 forward+backward
1.800 0 0.376 0.150 0.424 0.236 forward+backward
1.840 0 0.376 0.150 0.424 0.236 forward+backward
1.880 0 0.376 0.150 0.424 0.236 forward+backward
1.920 0 0.376 0.150 0.424 0.236 detection
1.960 0 0.376 0.150 0.424 0.236 forward+backward
2.000 0 0.376 0.150 0.424 0.236 forward+backward
2.040 0 0.376 0.150 0.424 0.236 forward+backward
2.080 0 0.376 0.150 0.424 0.236 forward+backward
2.120 0 0.376 0.150 0.424 0.236 forward+backward
2.160 0 0.376 0.150 0.424 0.236 forward+backward
2.200 0 0.376 0.150 0.424 0.236 forward+backward
2.240 0 0.376 0.150 0.424 0.236 forward+backward
2.280 0 0.376 0.150 0.424 0.236 forward+backward
2.320 0 0.376 0.150 0.424 0.236 forward+backward
2.360 0 0.376 0.150 0.424 0.236 forward+backward
2.400 0 0.376 0.150 0.424 0.236 detection
2.440 0 0.376 0.150 0.424 0.236 forward+backward
2.480 0 0.376 0.150 0.424 0.236 forward+backward
2.520 0 0.376 0.150 0.424 0.236 forward+backward
2.560 0 0.376 0.150 0.424 0.236 forward+backward
2.600 0 0.376 0.150 0.424 0.236 forward+backward
2.640 0 0.376 0.150 0.424 0.236 forward+backward
2.680 0 0.376 0.150 0.424 0.236 forward+backward
2.720 0 0.376 0.150 0.424 0.236 forward+backward
2.760 0 0.376 0.150 0.424 0.236 forward+backward
2.800 0 0.376 0.150 0.424 0.236 forward+backward
2.840 0 0.376 0.150 0.424 0.236 forward+backward
2.880 0 0.376 0.150 0.424 0.236 detection
2.920 0 0.376 0.150 0.424 0.236 forward+backward
2.960 0 0.376 0.150 0.424 0.236 forward+backward
3.000 0 0.376 0.150 0.424 0.236 forward+backward
3.040 0 0.376 0.150 0.424 0.236 forward+backward
3.080 0 0.376 0.150 0.424 0.236 forward+backward
3.120 0 0.376 0.150 0.424 0.236 forward+backward
3.160 0 0.376 0.150 0.424 0.236 forward+backward
3.200 0 0.376 0.150 0.424 0.236 forward+backward
3.240 0 0.376 0.150 0.424 0.236 forward+backward
3.280 0 0.376 0.150 0.424 0.236 forward+backward
3.320 0 0.376 0.150 0.424 0.236 forward+backward
3.360 0 0.376 0.150 0.424 0.236 detection
3.400 0 0.376 0.150 0.424 0.236 forward+backward
3.440 0 0.376 0.150 0.424 0.236 forward+backward
3.480 0 0.376 0.150 0.424 0.236 forward+backward
3.520 0 0.376 0.150 0.424 0.236 forward+backward
3.560 0 0.376 0.150 0.424 0.236 forward+backward
3.600 0 0.376 0.150 0.424 0.236 forward+backward
3.640 0 0.376 0.150 0.424 0.236 forward+backward
3.680 0 0.376 0.150 0.424 0.236 forward+backward
3.720 0 0.376 0.150 0.424 0.236 forward+backward
3.760 0 0.376 0.150 0.424 0.236 forward+backward
3.800 0 0.376 0.150 0.424 0.236 forward+backward
3.840 0 0.376 0.150 0.424 0.236 detection
3.880 0 0.376 0.150 0.424 0.236 forward+backward
3.920 0 0.376 0.150 0.424 0.236 forward+backward
3.960 0 0.376 0.150 0.424 0.236 forward+backward
4.000 0 0.376 0.150 0.424 0.236 forward+backward
4.040 0 0.376 0.150 0.424 0.236 forward+backward
4.080 0 0.376 0.150 0.424 0.236 forward+backward
4.120 0 0.376 0.150 0.424 0.236 forward+backward
4.160 0 0.376 0.150 0.424 0.236 forward+backward
4.200 0 0.376 0.150 0.424 0.236 forward+backward
4.240 0 0.376 0.150 0.424 0.236 forward+backward
4.280 0 0.376 0.150 0.424 0.236 forward+backward
4.320 0 0.376 0.150 0.424 0.236 detection
4.360 0 0.384 0.144 0.427 0.224 forward+backward
4.400 0 0.388 0.142 0.432 0.221 forward+backward
4.440 0 0.388 0.142 0.432 0.219 forward+backward
4.480 0 0.390 0.136 0.434 0.215 forward+backward
4.520 0 0.391 0.129 0.436 0.210 forward+backward
4.560 0 0.391 0.124 0.436 0.204 forward+backward
4.600 0 0.391 0.119 0.436 0.200 forward+backward
4.640 0 0.391 0.115 0.437 0.196 forward+backward
4.680 0 0.392 0.115 0.438 0.196 forward+backward
4.720 0 0.392 0.117 0.437 0.197 forward+backward
4.760 0 0.393 0.122 0.438 0.203 forward+backward
4.800 0 0.398 0.132 0.438 0.204 detection
4.840 0 0.399 0.136 0.440 0.211 forward
4.880 0 0.405 0.143 0.445 0.215 forward
4.920 0 0.407 0.144 0.448 0.219 forward
4.960 0 0.409 0.146 0.451 0.219 forward
5.000 0 0.410 0.142 0.451 0.215 forward
5.040 0 0.412 0.136 0.453 0.210 forward
5.080 0 0.415 0.129 0.455 0.201 forward
5.120 0 0.417 0.125 0.457 0.197 forward
5.160 0 0.420 0.125 0.460 0.197 forward
5.200 0 0.425 0.126 0.464 0.197 forward
5.240 0 0.429 0.133 0.468 0.204 forward
5.280 0 0.434 0.142 0.473 0.212 forward
5.320 0 0.441 0.150 0.480 0.219 forward
5.360 0 0.446 0.156 0.485 0.226 forward
5.400 0 0.445 0.156 0.483 0.226 forward
5.440 0 0.449 0.160 0.488 0.231 forward
5.480 0 0.453 0.161 0.491 0.231 forward
5.520 0 0.456 0.161 0.496 0.232 forward
5.560 0 0.459 0.158 0.499 0.229 forward
5.600 0 0.459 0.150 0.504 0.231 forward+backward
5.640 0 0.459 0.146 0.505 0.225 forward+backward
5.680 0 0.461 0.140 0.506 0.221 forward+backward
5.720 0 0.464 0.139 0.509 0.221 forward+backward
5.760 0 0.467 0.140 0.516 0.226 detection
5.800 0 0.474 0.146 0.523 0.231 forward
5.840 0 0.483 0.157 0.530 0.240 forward
5.880 0 0.492 0.164 0.539 0.247 forward
5.920 0 0.498 0.172 0.545 0.256 forward
5.960 0 0.505 0.169 0.561 0.268 backward
6.000 0 0.509 0.169 0.566 0.269 backward
6.040 0 0.515 0.164 0.571 0.264 backward
6.080 0 0.519 0.161 0.576 0.261 backward
6.120 0 0.524 0.157 0.582 0.258 backward
6.160 0 0.528 0.153 0.588 0.256 backward
6.200 0 0.536 0.147 0.594 0.249 backward
6.240 0 0.541 0.146 0.600 0.249 detection
6.280 0 0.548 0.146 0.605 0.247 forward
6.320 0 0.552 0.144 0.610 0.246 forward
6.360 0 0.558 0.147 0.613 0.246 forward
6.400 0 0.558 0.147 0.614 0.246 forward
6.440 0 0.564 0.150 0.620 0.247 forward
6.480 0 0.569 0.154 0.623 0.249 forward
6.520 0 0.573 0.154 0.628 0.250 forward
0.000 1 0.634 0.457 0.684 0.543 detection
0.040 1 0.634 0.457 0.684 0.543 forward+backward
0.080 1 0.634 0.457 0.684 0.543 forward+backward
0.120 1 0.634 0.458 0.683 0.543 forward+backward
0.160 1 0.635 0.457 0.684 0.542 forward+backward
0.200 1 0.634 0.457 0.683 0.543 forward+backward
0.240 1 0.636 0.457 0.684 0.543 forward+backward
0.280 1 0.634 0.457 0.683 0.543 forward+backward
0.320 1 0.635 0.457 0.684 0.542 forward+backward
0.360 1 0.634 0.458 0.683 0.543 forward+backward
0.400 1 0.634 0.457 0.684 0.543 forward+backward
0.440 1 0.634 0.457 0.684 0.543 forward+backward
0.480 1 0.634 0.457 0.684 0.543 detection
0.520 1 0.634 0.457 0.684 0.543 forward+backward
0.560 1 0.634 0.457 0.684 0.543 forward+backward
0.600 1 0.634 0.458 0.683 0.543 forward+backward
0.640 1 0.635 0.457 0.684 0.542 forward+backward
0.680 1 0.634 0.457 0.683 0.543 forward+backward
0.720 1 0.636 0.457 0.684 0.543 forward+backward
0.760 1 0.634 0.457 0.683 0.543 forward+backward
0.800 1 0.635 0.457 0.684 0.542 forward+backward
0.840 1 0.634 0.458 0.683 0.543 forward+backward
0.880 1 0.634 0.457 0.684 0.543 forward+backward
0.920 1 0.634 0.457 0.684 0.543 forward+backward
0.960 1 0.634 0.457 0.684 0.543 detection
1.000 1 0.634 0.457 0.684 0.543 forward+backward
1.040 1 0.634 0.457 0.684 0.543 forward+backward
1.080 1 0.634 0.458 0.683 0.543 forward+backward
1.120 1 0.635 0.457 0.684 0.542 forward+backward
1.160 1 0.634 0.457 0.683 0.543 forward+backward
1.200 1 0.636 0.457 0.684 0.543 forward+backward
1.240 1 0.634 0.457 0.683 0.543 forward+backward
1.280 1 0.635 0.457 0.684 0.542 forward+backward
1.320 1 0.634 0.458 0.683 0.543 forward+backward
1.360 1 0.634 0.457 0.684 0.543 forward+backward
1.400 1 0.634 0.457 0.684 0.543 forward+backward
1.440 1 0.634 0.457 0.684 0.543 detection
1.480 1 0.634 0.457 0.684 0.543 forward+backward
1.520 1 0.634 0.457 0.684 0.543 forward+backward
1.560 1 0.634 0.458 0.683 0.543 forward+backward
1.600 1 0.635 0.457 0.684 0.542 forward+backward
1.640 1 0.634 0.457 0.683 0.543 forward+backward
1.680 1 0.636 0.457 0.684 0.543 forward+backward
1.720 1 0.634 0.457 0.683 0.543 forward+backward
1.760 1 0.635 0.457 0.684 0.542 forward+backward
1.800 1 0.634 0.458 0.683 0.543 forward+backward
1.840 1 0.634 0.457 0.684 0.543 forward+backward
1.880 1 0.634 0.457 0.684 0.543 forward+backward
1.920 1 0.634 0.457 0.684 0.543 detection
1.960 1 0.634 0.457 0.684 0.543 forward+backward
2.000 1 0.634 0.457 0.684 0.543 forward+backward
2.040 1 0.634 0.458 0.683 0.543 forward+backward
2.080 1 0.635 0.457 0.684 0.542 forward+backward
2.120 1 0.634 0.457 0.683 0.543 forward+backward
2.160 1 0.636 0.457 0.684 0.543 forward+backward
2.200 1 0.634 0.457 0.683 0.543 forward+backward
2.240 1 0.635 0.457 0.684 0.542 forward+backward
2.280 1 0.634 0.458 0.683 0.543 forward+backward
2.320 1 0.634 0.457 0.684 0.543 forward+backward
2.360 1 0.634 0.457 0.684 0.543 forward+backward
2.400 1 0.634 0.457 0.684 0.543 detection
2.440 1 0.634 0.457 0.684 0.543 forward+backward
2.480 1 0.634 0.457 0.684 0.543 forward+backward
2.520 1 0.634 0.458 0.683 0.543 forward+backward
2.560 1 0.635 0.457 0.684 0.542 forward+backward
2.600 1 0.634 0.457 0.683 0.543 forward+backward
2.640 1 0.636 0.457 0.684 0.543 forward+backward
2.680 1 0.634 0.457 0.683 0.543 forward+backward
2.720 1 0.635 0.457 0.684 0.542 forward+backward
2.760 1 0.634 0.458 0.683 0.543 forward+backward
2.800 1 0.634 0.457 0.684 0.543 forward+backward
2.840 1 0.634 0.457 0.684 0.543 forward+backward
2.880 1 0.634 0.457 0.684 0.543 detection
2.920 1 0.634 0.457 0.684 0.543 forward+backward
2.960 1 0.634 0.457 0.684 0.543 forward+backward
3.000 1 0.634 0.458 0.683 0.543 forward+backward
3.040 1 0.635 0.457 0.684 0.542 forward+backward
3.080 1 0.634 0.457 0.683 0.543 forward+backward
3.120 1 0.636 0.457 0.684 0.543 forward+backward
3.160 1 0.634 0.457 0.683 0.543 forward+backward
3.200 1 0.635 0.457 0.684 0.542 forward+backward
3.240 1 0.634 0.458 0.683 0.543 forward+backward
3.280 1 0.634 0.457 0.684 0.543 forward+backward
3.320 1 0.634 0.457 0.684 0.543 forward+backward
3.360 1 0.634 0.457 0.684 0.543 detection
3.400 1 0.634 0.457 0.684 0.543 forward+backward
3.440 1 0.634 0.457 0.684 0.543 forward+backward
3.480 1 0.634 0.458 0.683 0.543 forward+backward
3.520 1 0.635 0.457 0.684 0.542 forward+backward
3.560 1 0.634 0.457 0.683 0.543 forward+backward
3.600 1 0.636 0.457 0.684 0.543 forward+backward
3.640 1 0.634 0.457 0.683 0.543 forward+backward
3.680 1 0.635 0.457 0.684 0.542 forward+backward
3.720 1 0.634 0.458 0.683 0.543 forward+backward
3.760 1 0.634 0.457 0.684 0.543 forward+backward
3.800 1 0.634 0.457 0.684 0.543 forward+backward
3.840 1 0.634 0.457 0.684 0.543 detection
3.880 1 0.634 0.457 0.684 0.543 forward+backward
3.920 1 0.634 0.457 0.684 0.543 forward+backward
3.960 1 0.634 0.458 0.683 0.543 forward+backward
4.000 1 0.635 0.457 0.684 0.542 forward+backward
4.040 1 0.634 0.457 0.683 0.543 forward+backward
4.080 1 0.636 0.457 0.684 0.543 forward+backward
4.120 1 0.634 0.457 0.683 0.543 forward+backward
4.160 1 0.635 0.457 0.684 0.542 forward+backward
4.200 1 0.634 0.458 0.683 0.543 forward+backward
4.240 1 0.634 0.457 0.684 0.543 forward+backward
4.280 1 0.634 0.457 0.684 0.543 forward+backward
4.320 1 0.634 0.457 0.684 0.543 detection
4.360 1 0.627 0.463 0.675 0.549 forward+backward
4.400 1 0.619 0.463 0.667 0.549 forward+backward
4.440 1 0.620 0.464 0.667 0.547 forward+backward
4.480 1 0.610 0.465 0.658 0.549 forward+backward
4.520 1 0.602 0.467 0.648 0.549 forward+backward
4.560 1 0.590 0.468 0.638 0.553 forward+backward
4.600 1 0.579 0.468 0.627 0.554 forward+backward
4.640 1 0.569 0.471 0.616 0.554 forward+backward
4.680 1 0.559 0.471 0.606 0.554 forward+backward
4.720 1 0.547 0.471 0.595 0.557 forward+backward
4.760 1 0.538 0.474 0.584 0.556 forward+backward
4.800 1 0.527 0.476 0.575 0.562 detection
4.840 1 0.516 0.476 0.562 0.558 forward+backward
4.880 1 0.507 0.476 0.555 0.562 forward+backward
4.920 1 0.496 0.478 0.545 0.565 forward+backward
4.960 1 0.486 0.479 0.535 0.565 forward+backward
5.000 1 0.477 0.481 0.525 0.568 forward+backward
5.040 1 0.465 0.481 0.513 0.568 forward+backward
5.080 1 0.453 0.483 0.501 0.568 forward+backward
5.120 1 0.443 0.483 0.490 0.567 forward+backward
5.160 1 0.432 0.485 0.479 0.568 forward+backward
5.200 1 0.420 0.485 0.468 0.569 forward+backward
5.240 1 0.409 0.486 0.457 0.572 forward+backward
5.280 1 0.397 0.486 0.445 0.572 detection
5.320 1 0.384 0.485 0.438 0.581 forward+backward
5.360 1 0.373 0.486 0.427 0.581 forward+backward
5.400 1 0.372 0.487 0.426 0.582 forward+backward
5.440 1 0.362 0.489 0.415 0.582 forward+backward
5.480 1 0.351 0.490 0.403 0.582 forward+backward
5.520 1 0.339 0.490 0.392 0.583 forward+backward
5.560 1 0.328 0.494 0.381 0.588 forward+backward
5.600 1 0.316 0.493 0.370 0.586 forward+backward
5.640 1 0.308 0.494 0.360 0.589 forward+backward
5.680 1 0.298 0.496 0.352 0.590 forward+backward
5.720 1 0.291 0.494 0.345 0.589 forward+backward
5.760 1 0.282 0.492 0.341 0.594 detection
5.800 1 0.277 0.493 0.330 0.588 forward+backward
5.840 1 0.272 0.493 0.324 0.588 forward+backward
5.880 1 0.266 0.493 0.320 0.588 forward+backward
5.920 1 0.263 0.493 0.315 0.588 forward+backward
5.960 1 0.257 0.493 0.311 0.588 forward+backward
6.000 1 0.253 0.492 0.306 0.586 forward+backward
6.040 1 0.250 0.493 0.302 0.586 forward+backward
6.080 1 0.248 0.490 0.302 0.585 forward+backward
6.120 1 0.246 0.489 0.300 0.583 forward+backward
6.160 1 0.241 0.486 0.295 0.581 forward+backward
6.200 1 0.241 0.483 0.297 0.581 forward+backward
6.240 1 0.241 0.486 0.289 0.572 detection
6.280 1 0.237 0.485 0.287 0.572 forward
6.320 1 0.237 0.483 0.285 0.571 forward
6.360 1 0.234 0.482 0.283 0.569 forward
6.400 1 0.235 0.482 0.284 0.569 forward
6.440 1 0.232 0.482 0.281 0.568 forward
6.480 1 0.234 0.479 0.282 0.567 forward
6.520 1 0.235 0.476 0.284 0.562 forward
6.560 1 0.235 0.472 0.284 0.558 backward
6.600 1 0.236 0.465 0.284 0.551 backward
6.640 1 0.237 0.463 0.286 0.549 backward
6.680 1 0.239 0.458 0.287 0.543 backward
6.720 1 0.241 0.457 0.289 0.543 detection
6.760 1 0.242 0.456 0.291 0.542 forward
6.800 1 0.241 0.454 0.289 0.540 forward
6.840 1 0.241 0.454 0.289 0.539 forward
6.880 1 0.241 0.453 0.289 0.537 forward
6.920 1 0.241 0.453 0.288 0.537 forward
6.960 2 0.493 0.193 0.571 0.332 backward+backward
7.000 2 0.496 0.194 0.573 0.332 backward+backward
7.040 2 0.496 0.196 0.573 0.332 backward+backward
7.080 2 0.502 0.200 0.577 0.333 backward+backward
7.120 2 0.502 0.206 0.577 0.336 backward+backward
7.160 2 0.508 0.212 0.580 0.340 backward+backward
7.200 2 0.506 0.219 0.579 0.349 detection+backward
7.240 2 0.501 0.217 0.578 0.354 error(forward+backward+backward)
7.280 2 0.499 0.217 0.577 0.356 error(forward+backward+backward)
7.320 2 0.503 0.218 0.580 0.356 forward+backward+backward
7.360 2 0.501 0.218 0.577 0.354 error(forward+backward+backward)
7.400 2 0.504 0.214 0.580 0.350 error(forward+backward+backward)
7.440 2 0.508 0.214 0.582 0.346 error(forward+backward+backward)
7.480 2 0.510 0.212 0.584 0.346 error(forward+backward+backward)
7.520 2 0.513 0.214 0.587 0.346 error(forward+backward+backward)
7.560 2 0.518 0.217 0.591 0.349 error(forward+backward+backward)
7.600 2 0.524 0.222 0.597 0.351 error(forward+backward+backward)
7.640 2 0.531 0.231 0.604 0.360 error(forward+backward+backward)
7.680 2 0.537 0.239 0.608 0.365 error(detection+backward)
7.720 2 0.545 0.246 0.615 0.372 error(forward+backward)
7.760 2 0.548 0.246 0.618 0.371 error(forward+backward)
7.800 2 0.551 0.243 0.621 0.369 error(forward+backward)
7.840 2 0.553 0.233 0.624 0.361 error(forward+backward)
7.880 2 0.555 0.222 0.627 0.350 error(forward+backward)
7.920 2 0.558 0.214 0.630 0.344 error(forward+backward)
7.960 2 0.558 0.206 0.634 0.339 forward+backward
8.000 2 0.561 0.206 0.637 0.339 forward+backward
8.040 2 0.565 0.201 0.641 0.336 forward+backward
8.080 2 0.572 0.204 0.645 0.338 forward+backward
8.120 2 0.577 0.206 0.654 0.343 forward+backward
8.160 2 0.588 0.217 0.658 0.340 detection
8.200 2 0.590 0.210 0.667 0.346 forward+backward
8.240 2 0.594 0.218 0.667 0.350 forward+backward
8.280 2 0.599 0.222 0.673 0.353 forward+backward
8.320 2 0.598 0.222 0.673 0.354 forward+backward
8.360 2 0.598 0.222 0.673 0.354 forward+backward
8.400 2 0.599 0.224 0.674 0.356 forward+backward
8.440 2 0.597 0.224 0.671 0.356 forward+backward
8.480 2 0.598 0.224 0.672 0.354 forward+backward
8.520 2 0.592 0.221 0.669 0.356 forward+backward
8.560 2 0.590 0.219 0.667 0.356 forward+backward
8.600 2 0.591 0.221 0.667 0.356 forward+backward
8.640 2 0.584 0.211 0.669 0.360 detection
8.680 2 0.580 0.212 0.667 0.367 forward
8.720 2 0.576 0.217 0.662 0.368 forward
9.960 3 0.432 0.214 0.551 0.425 backward
10.000 3 0.430 0.212 0.550 0.425 backward
10.040 3 0.428 0.211 0.548 0.425 backward
10.080 3 0.426 0.208 0.547 0.424 detection
10.120 3 0.424 0.206 0.545 0.421 forward
10.160 3 0.422 0.201 0.543 0.417 forward
10.200 3 0.422 0.192 0.546 0.412 forward
10.240 3 0.418 0.186 0.542 0.407 forward
10.280 3 0.418 0.186 0.542 0.406 forward
10.320 3 0.420 0.182 0.542 0.400 forward
10.360 3 0.409 0.178 0.533 0.397 forward
10.400 3 0.408 0.174 0.534 0.399 forward
10.440 3 0.402 0.171 0.528 0.396 forward
10.480 3 0.402 0.164 0.530 0.390 forward
10.520 3 0.397 0.158 0.524 0.383 forward
10.120 4 0.422 0.222 0.552 0.453 backward
10.160 4 0.419 0.218 0.550 0.451 backward
10.200 4 0.416 0.211 0.548 0.447 backward
10.240 4 0.417 0.206 0.549 0.439 backward
10.280 4 0.415 0.206 0.547 0.439 backward
10.320 4 0.417 0.200 0.548 0.432 backward
10.360 4 0.417 0.199 0.546 0.428 backward
10.400 4 0.412 0.200 0.538 0.424 backward
10.440 4 0.411 0.197 0.537 0.421 backward
10.480 4 0.403 0.193 0.526 0.411 backward
10.520 4 0.405 0.188 0.527 0.404 backward
10.560 4 0.399 0.185 0.520 0.400 detection
10.600 4 0.402 0.188 0.513 0.385 forward+backward
10.640 4 0.399 0.186 0.510 0.383 forward+backward
10.680 4 0.392 0.183 0.505 0.383 forward+backward
10.720 4 0.394 0.182 0.506 0.381 forward+backward
10.760 4 0.389 0.178 0.501 0.378 forward+backward
10.800 4 0.392 0.176 0.504 0.375 forward+backward
10.840 4 0.393 0.175 0.505 0.374 forward+backward
10.880 4 0.393 0.174 0.505 0.374 forward+backward
10.920 4 0.394 0.171 0.507 0.372 forward+backward
10.960 4 0.393 0.167 0.507 0.369 forward+backward
11.000 4 0.395 0.168 0.508 0.368 forward+backward
11.040 4 0.399 0.174 0.500 0.353 detection
14.840 5 0.432 0.244 0.501 0.365 backward
14.880 5 0.440 0.244 0.510 0.368 detection
15.040 6 0.462 0.338 0.529 0.457 backward
15.080 6 0.462 0.353 0.528 0.471 backward
15.120 6 0.459 0.361 0.526 0.481 backward
15.160 6 0.459 0.360 0.527 0.482 backward
15.200 6 0.455 0.364 0.523 0.486 backward
15.240 6 0.449 0.365 0.518 0.487 backward
15.280 6 0.444 0.364 0.512 0.486 backward
15.320 6 0.441 0.350 0.511 0.475 backward
15.360 6 0.440 0.340 0.510 0.465 detection
15.400 6 0.441 0.338 0.513 0.467 forward
15.440 6 0.436 0.338 0.510 0.469 forward
15.480 6 0.432 0.343 0.508 0.478 forward
15.520 6 0.424 0.353 0.501 0.489 forward
16.760 7 0.441 0.296 0.518 0.432 backward
16.800 7 0.455 0.286 0.533 0.425 backward
16.840 7 0.473 0.290 0.551 0.431 backward
16.880 7 0.490 0.294 0.569 0.436 backward
16.920 7 0.499 0.293 0.578 0.435 backward
16.960 7 0.505 0.290 0.584 0.433 backward
17.000 7 0.502 0.279 0.582 0.422 backward
17.040 7 0.498 0.267 0.580 0.414 backward
17.080 7 0.495 0.254 0.577 0.400 backward
17.120 7 0.496 0.253 0.578 0.401 backward
17.160 7 0.493 0.237 0.576 0.388 backward
17.200 7 0.491 0.225 0.573 0.371 backward
17.240 7 0.493 0.221 0.575 0.369 backward
17.280 7 0.491 0.226 0.575 0.376 detection
17.320 7 0.495 0.210 0.594 0.386 forward+backward
17.360 7 0.511 0.211 0.610 0.389 forward+backward
17.400 7 0.523 0.217 0.623 0.394 forward+backward
17.440 7 0.528 0.225 0.627 0.401 forward+backward
17.480 7 0.531 0.244 0.631 0.422 forward+backward
17.520 7 0.537 0.269 0.652 0.472 backward
17.560 7 0.546 0.321 0.660 0.525 backward
17.600 7 0.551 0.365 0.663 0.565 backward
17.640 7 0.545 0.376 0.656 0.575 backward
17.680 7 0.530 0.360 0.644 0.562 backward
17.720 7 0.517 0.331 0.633 0.536 backward
17.760 7 0.506 0.304 0.627 0.519 detection
17.800 7 0.500 0.293 0.620 0.506 forward+backward
17.840 7 0.493 0.294 0.614 0.510 forward+backward
17.880 7 0.492 0.292 0.613 0.508 forward+backward
17.920 7 0.493 0.287 0.616 0.504 forward+backward
17.960 7 0.494 0.279 0.618 0.499 forward+backward
18.000 7 0.495 0.272 0.620 0.493 forward+backward
18.040 7 0.496 0.269 0.620 0.490 forward+backward
18.080 7 0.496 0.268 0.620 0.487 forward+backward
18.120 7 0.495 0.268 0.618 0.487 forward+backward
18.160 7 0.495 0.267 0.620 0.486 forward+backward
18.200 7 0.491 0.263 0.614 0.481 forward+backward
18.240 7 0.493 0.256 0.614 0.471 detection
18.280 7 0.493 0.250 0.614 0.467 forward
18.320 7 0.492 0.246 0.614 0.463 forward
18.360 7 0.491 0.244 0.613 0.460 forward
18.400 7 0.491 0.242 0.613 0.458 forward
18.440 7 0.491 0.242 0.613 0.458 forward
18.480 7 0.491 0.240 0.613 0.457 forward
18.520 7 0.490 0.239 0.612 0.457 forward
18.560 7 0.484 0.236 0.609 0.458 forward
18.600 7 0.487 0.240 0.610 0.458 forward
18.640 7 0.484 0.242 0.605 0.460 forward
18.680 8 0.482 0.194 0.601 0.406 backward
18.720 8 0.493 0.185 0.614 0.400 detection
18.760 8 0.499 0.192 0.622 0.408 forward+backward
18.800 8 0.502 0.206 0.623 0.422 forward+backward
18.840 8 0.506 0.225 0.627 0.440 forward+backward
18.880 8 0.509 0.250 0.629 0.464 forward+backward
18.920 8 0.505 0.272 0.624 0.483 forward+backward
18.960 8 0.498 0.285 0.619 0.500 forward+backward
19.000 8 0.491 0.286 0.613 0.503 forward+backward
19.040 8 0.483 0.272 0.604 0.487 forward+backward
19.080 8 0.482 0.272 0.602 0.486 forward+backward
19.120 8 0.476 0.251 0.594 0.463 forward+backward
19.160 8 0.470 0.225 0.589 0.436 forward+backward
19.200 8 0.466 0.208 0.588 0.424 detection
19.240 8 0.474 0.215 0.588 0.417 forward+backward
19.280 8 0.473 0.214 0.591 0.422 forward+backward
19.320 8 0.469 0.225 0.587 0.433 forward+backward
19.360 8 0.465 0.237 0.581 0.444 forward+backward
19.400 8 0.455 0.243 0.570 0.449 forward+backward
19.440 8 0.448 0.244 0.562 0.447 forward+backward
19.480 8 0.442 0.242 0.555 0.442 forward+backward
19.520 8 0.438 0.237 0.550 0.438 forward+backward
19.560 8 0.436 0.232 0.548 0.431 forward+backward
19.600 8 0.430 0.225 0.541 0.422 forward+backward
19.640 8 0.430 0.219 0.541 0.417 forward+backward
19.680 8 0.433 0.233 0.534 0.412 detection
19.720 8 0.423 0.229 0.527 0.415 forward+backward
19.760 8 0.420 0.229 0.524 0.415 forward+backward
19.800 8 0.415 0.233 0.520 0.421 forward+backward
19.840 8 0.412 0.236 0.515 0.418 forward+backward
19.880 8 0.407 0.236 0.509 0.417 forward+backward
19.920 8 0.402 0.240 0.503 0.419 forward+backward
19.960 8 0.401 0.243 0.501 0.419 forward+backward
20.000 8 0.403 0.243 0.504 0.422 forward+backward
20.040 8 0.402 0.243 0.502 0.421 forward+backward
20.080 8 0.402 0.240 0.502 0.418 forward+backward
20.120 8 0.404 0.237 0.503 0.414 forward+backward
20.160 8 0.399 0.233 0.500 0.412 detection
20.200 8 0.398 0.229 0.499 0.411 forward+backward
20.240 8 0.395 0.228 0.498 0.410 forward+backward
20.280 8 0.393 0.224 0.497 0.407 forward+backward
20.320 8 0.391 0.221 0.495 0.406 forward+backward
20.360 8 0.391 0.221 0.493 0.403 forward+backward
20.400 8 0.388 0.226 0.491 0.408 forward+backward
20.440 8 0.384 0.233 0.486 0.414 forward+backward
20.480 8 0.380 0.235 0.480 0.412 forward+backward
20.520 8 0.373 0.235 0.474 0.412 forward+backward
20.560 8 0.365 0.235 0.466 0.415 forward+backward
20.600 8 0.357 0.233 0.461 0.418 forward+backward
20.640 8 0.355 0.233 0.455 0.412 detection
20.680 8 0.352 0.240 0.451 0.417 forward+backward
20.720 8 0.348 0.240 0.448 0.418 forward+backward
20.760 8 0.345 0.237 0.444 0.414 forward+backward
20.800 8 0.345 0.233 0.445 0.411 forward+backward
20.840 8 0.348 0.233 0.446 0.408 forward+backward
20.880 8 0.348 0.233 0.447 0.408 forward+backward
20.920 8 0.348 0.233 0.447 0.408 forward+backward
20.960 8 0.348 0.232 0.449 0.411 forward+backward
21.000 8 0.347 0.232 0.448 0.412 forward+backward
21.040 8 0.349 0.233 0.450 0.412 forward+backward
21.080 8 0.345 0.232 0.447 0.412 forward+backward
21.120 8 0.344 0.233 0.445 0.412 detection
21.160 8 0.344 0.231 0.444 0.410 forward+backward
21.200 8 0.338 0.228 0.438 0.406 forward+backward
21.240 8 0.338 0.226 0.438 0.404 forward+backward
21.280 8 0.332 0.224 0.433 0.401 forward+backward
21.320 8 0.332 0.218 0.434 0.399 forward+backward
21.360 8 0.330 0.217 0.430 0.396 forward+backward
21.400 8 0.326 0.214 0.427 0.393 forward+backward
21.440 8 0.323 0.211 0.424 0.392 forward+backward
21.480 8 0.320 0.207 0.421 0.388 forward+backward
21.520 8 0.316 0.203 0.417 0.383 forward+backward
21.560 8 0.312 0.197 0.414 0.378 forward+backward
21.600 8 0.310 0.193 0.411 0.372 detection
21.640 8 0.310 0.193 0.409 0.368 forward
21.680 8 0.309 0.193 0.406 0.367 forward
21.720 8 0.302 0.199 0.397 0.367 forward
22.200 9 0.526 0.253 0.627 0.433 backward
22.240 9 0.524 0.250 0.626 0.432 backward
22.280 9 0.528 0.253 0.628 0.432 backward
22.320 9 0.523 0.253 0.623 0.431 backward
22.360 9 0.528 0.253 0.628 0.431 backward
22.400 9 0.525 0.251 0.627 0.432 backward
22.440 9 0.524 0.253 0.626 0.432 backward
22.480 9 0.524 0.253 0.625 0.432 backward
22.520 9 0.527 0.253 0.627 0.431 backward
22.560 9 0.523 0.253 0.623 0.432 detection
22.600 9 0.520 0.253 0.621 0.432 forward+backward
22.640 9 0.520 0.253 0.620 0.432 forward+backward
22.680 9 0.519 0.253 0.620 0.433 forward+backward
22.720 9 0.518 0.253 0.619 0.433 forward+backward
22.760 9 0.517 0.254 0.618 0.433 forward+backward
22.800 9 0.516 0.254 0.617 0.433 forward+backward
22.840 9 0.516 0.254 0.616 0.433 forward+backward
22.880 9 0.515 0.256 0.616 0.433 forward+backward
22.920 9 0.515 0.254 0.615 0.433 forward+backward
22.960 9 0.514 0.254 0.615 0.433 forward+backward
23.000 9 0.514 0.254 0.615 0.433 forward+backward
23.040 9 0.512 0.253 0.613 0.432 detection
23.080 9 0.516 0.256 0.614 0.431 forward+backward
23.120 9 0.516 0.256 0.615 0.431 forward+backward
23.160 9 0.512 0.254 0.613 0.431 forward+backward
23.200 9 0.516 0.254 0.616 0.432 forward+backward
23.240 9 0.514 0.257 0.611 0.431 forward+backward
23.280 9 0.514 0.256 0.613 0.432 forward+backward
23.320 9 0.511 0.256 0.610 0.432 forward+backward
23.360 9 0.515 0.258 0.613 0.432 forward+backward
23.400 9 0.512 0.256 0.611 0.432 forward+backward
23.440 9 0.511 0.254 0.611 0.433 forward+backward
23.480 9 0.509 0.254 0.610 0.433 forward+backward
23.520 9 0.512 0.253 0.613 0.432 detection
23.560 9 0.512 0.254 0.610 0.426 forward+backward
23.600 9 0.509 0.253 0.608 0.428 forward+backward
23.640 9 0.509 0.253 0.608 0.429 forward+backward
23.680 9 0.505 0.251 0.606 0.429 forward+backward
23.720 9 0.506 0.251 0.608 0.432 forward+backward
23.760 9 0.503 0.251 0.605 0.433 forward+backward
23.800 9 0.504 0.251 0.607 0.435 forward+backward
23.840 9 0.502 0.250 0.606 0.436 forward+backward
23.880 9 0.500 0.249 0.605 0.436 forward+backward
23.920 9 0.498 0.250 0.603 0.436 forward+backward
23.960 9 0.501 0.250 0.605 0.436 forward+backward
24.000 9 0.500 0.253 0.601 0.432 detection
24.040 9 0.497 0.253 0.598 0.433 forward
24.080 9 0.498 0.250 0.605 0.439 forward
24.120 9 0.498 0.251 0.600 0.431 forward
24.160 9 0.498 0.250 0.599 0.431 forward
24.200 9 0.499 0.251 0.600 0.432 forward
25.000 10 0.656 0.242 0.703 0.325 backward
25.040 10 0.652 0.244 0.699 0.328 backward
25.080 10 0.647 0.249 0.695 0.333 backward
25.120 10 0.641 0.251 0.688 0.336 backward
25.160 10 0.635 0.254 0.683 0.339 backward
25.200 10 0.630 0.257 0.678 0.342 backward
25.240 10 0.627 0.258 0.674 0.343 backward
25.280 10 0.623 0.257 0.671 0.342 backward
25.320 10 0.620 0.256 0.666 0.339 backward
25.360 10 0.616 0.251 0.663 0.338 backward
25.400 10 0.612 0.249 0.660 0.335 backward
25.440 10 0.608 0.246 0.656 0.332 detection
25.480 10 0.606 0.243 0.655 0.329 forward
25.520 10 0.605 0.240 0.652 0.326 forward
25.560 10 0.603 0.237 0.651 0.322 forward
25.600 10 0.602 0.233 0.649 0.318 forward
25.640 10 0.598 0.231 0.645 0.315 forward
25.680 10 0.596 0.228 0.644 0.312 forward
25.480 11 0.607 0.231 0.655 0.317 backward
25.520 11 0.607 0.228 0.655 0.314 backward
25.560 11 0.603 0.224 0.652 0.310 backward
25.600 11 0.602 0.221 0.650 0.307 backward
25.640 11 0.598 0.217 0.646 0.303 backward
25.680 11 0.596 0.214 0.644 0.300 backward
25.720 11 0.593 0.212 0.641 0.299 backward
25.760 11 0.590 0.210 0.639 0.297 backward
25.800 11 0.588 0.208 0.637 0.296 backward
25.840 11 0.587 0.207 0.636 0.294 backward
25.880 11 0.586 0.207 0.634 0.293 backward
25.920 11 0.586 0.207 0.634 0.293 detection
25.960 11 0.584 0.203 0.637 0.297 forward+backward
26.000 11 0.585 0.201 0.637 0.294 forward+backward
26.040 11 0.586 0.199 0.639 0.292 forward+backward
26.080 11 0.588 0.193 0.641 0.287 forward+backward
26.120 11 0.590 0.188 0.642 0.282 forward+backward
26.160 11 0.591 0.182 0.645 0.275 forward+backward
26.200 11 0.595 0.171 0.647 0.265 forward+backward
26.240 11 0.597 0.158 0.650 0.253 forward+backward
26.280 11 0.599 0.146 0.652 0.240 forward+backward
26.320 11 0.603 0.133 0.656 0.228 forward+backward
26.360 11 0.606 0.118 0.659 0.212 forward+backward
26.400 11 0.608 0.106 0.661 0.199 forward+backward
26.440 11 0.609 0.094 0.661 0.189 forward+backward
26.480 11 0.603 0.085 0.662 0.189 backward
26.520 11 0.605 0.082 0.664 0.188 backward
26.560 11 0.600 0.086 0.659 0.192 backward
26.600 11 0.594 0.092 0.654 0.197 backward
26.640 11 0.590 0.100 0.648 0.206 backward
26.680 11 0.584 0.111 0.643 0.215 backward
26.720 11 0.580 0.119 0.638 0.224 backward
26.760 11 0.577 0.135 0.635 0.237 backward
26.800 11 0.571 0.144 0.629 0.249 backward
26.840 11 0.567 0.157 0.626 0.261 backward
26.880 11 0.567 0.157 0.626 0.261 detection
26.920 11 0.563 0.167 0.623 0.272 forward
26.960 11 0.560 0.176 0.620 0.283 forward
27.000 11 0.556 0.185 0.617 0.292 forward
27.040 11 0.552 0.188 0.614 0.297 forward
27.080 11 0.548 0.189 0.609 0.299 forward
27.120 11 0.545 0.182 0.606 0.290 forward
27.160 11 0.538 0.174 0.598 0.282 forward
27.200 11 0.533 0.165 0.595 0.275 forward
27.240 11 0.528 0.158 0.592 0.272 forward
27.280 11 0.528 0.157 0.591 0.269 forward
27.320 11 0.529 0.160 0.594 0.274 forward
27.360 11 0.535 0.167 0.600 0.281 forward
27.400 11 0.542 0.176 0.608 0.292 forward
27.440 11 0.552 0.188 0.617 0.304 forward
27.480 11 0.559 0.196 0.625 0.312 forward
27.520 11 0.566 0.203 0.631 0.321 forward
27.560 11 0.570 0.208 0.637 0.326 forward
27.600 11 0.576 0.204 0.642 0.322 forward
30.560 12 0.833 0.290 0.878 0.371 backward
30.600 12 0.838 0.292 0.883 0.372 backward
30.640 12 0.843 0.297 0.888 0.378 backward
30.680 12 0.848 0.297 0.893 0.378 backward
30.720 12 0.852 0.296 0.898 0.378 backward
30.760 12 0.856 0.294 0.902 0.376 backward
30.800 12 0.855 0.296 0.901 0.378 backward
30.840 12 0.859 0.294 0.905 0.378 backward
30.880 12 0.863 0.294 0.909 0.376 backward
30.920 12 0.867 0.296 0.914 0.378 backward
30.960 12 0.872 0.294 0.919 0.378 backward
31.000 12 0.877 0.296 0.923 0.378 backward
31.040 12 0.883 0.294 0.929 0.378 backward
31.080 12 0.886 0.294 0.933 0.378 backward
31.120 12 0.890 0.297 0.937 0.381 backward
31.160 12 0.893 0.299 0.941 0.383 backward
31.200 12 0.896 0.303 0.945 0.388 backward
31.240 12 0.899 0.303 0.947 0.389 backward
31.280 12 0.902 0.304 0.950 0.389 backward
31.320 12 0.904 0.306 0.952 0.390 backward
31.360 12 0.905 0.307 0.954 0.393 backward
31.400 12 0.907 0.307 0.955 0.393 backward
31.440 12 0.907 0.308 0.956 0.394 backward
31.480 12 0.909 0.307 0.958 0.394 backward
31.520 12 0.910 0.307 0.959 0.394 backward
31.560 12 0.913 0.306 0.963 0.393 backward
31.600 12 0.915 0.304 0.964 0.392 backward
31.640 12 0.916 0.303 0.966 0.390 backward
31.680 12 0.918 0.304 0.967 0.390 backward
31.720 12 0.920 0.304 0.969 0.390 backward
31.760 12 0.919 0.304 0.968 0.390 backward
31.800 12 0.920 0.303 0.970 0.390 backward
31.840 12 0.922 0.301 0.971 0.389 backward
31.880 12 0.921 0.300 0.971 0.389 backward
31.920 12 0.923 0.300 0.973 0.388 backward
31.960 12 0.925 0.299 0.974 0.386 backward
32.000 12 0.923 0.296 0.975 0.386 backward
32.040 12 0.926 0.294 0.976 0.383 backward
32.080 12 0.927 0.294 0.977 0.383 backward
32.120 12 0.930 0.294 0.979 0.382 backward
32.160 12 0.931 0.293 0.980 0.381 detection
32.200 12 0.933 0.292 0.982 0.379 forward
32.240 12 0.935 0.292 0.985 0.379 forward
32.280 12 0.935 0.290 0.985 0.378 forward
32.320 12 0.937 0.290 0.987 0.381 forward
32.360 12 0.938 0.289 0.989 0.379 forward
32.400 12 0.938 0.289 0.988 0.378 forward
32.440 12 0.941 0.289 0.990 0.376 forward
32.480 12 0.941 0.289 0.991 0.376 forward
32.520 12 0.943 0.287 0.993 0.376 forward
32.560 12 0.945 0.287 0.995 0.376 forward
32.600 12 0.947 0.287 0.997 0.375 forward
32.640 12 0.946 0.286 0.996 0.375 forward
32.680 12 0.948 0.286 0.998 0.376 forward
32.720 12 0.950 0.286 1.000 0.375 forward
32.760 12 0.948 0.285 0.999 0.375 forward
32.800 12 0.952 0.286 1.002 0.376 forward
32.840 12 0.951 0.285 1.002 0.375 forward
32.880 12 0.952 0.285 1.002 0.376 forward
32.920 12 0.952 0.285 1.003 0.376 forward
32.960 12 0.954 0.285 1.005 0.376 forward
33.000 12 0.953 0.285 1.005 0.376 forward
33.040 12 0.955 0.285 1.006 0.376 forward
33.080 12 0.954 0.285 1.005 0.376 forward
33.120 12 0.955 0.285 1.006 0.378 forward
33.160 12 0.955 0.285 1.008 0.378 forward
33.200 12 0.959 0.286 1.010 0.379 forward
33.240 12 0.958 0.289 1.010 0.382 forward
33.280 12 0.960 0.292 1.012 0.385 forward
33.320 12 0.959 0.296 1.012 0.389 forward
33.360 12 0.961 0.303 1.013 0.394 forward
33.400 12 0.963 0.308 1.016 0.401 forward
36.440 13 0.570 0.282 0.698 0.510 backward
36.480 13 0.560 0.278 0.688 0.504 backward
36.520 13 0.552 0.271 0.685 0.507 backward
36.560 13 0.562 0.263 0.695 0.499 backward
36.600 13 0.552 0.254 0.685 0.490 backward
36.640 13 0.537 0.249 0.673 0.490 backward
36.680 13 0.544 0.249 0.680 0.490 backward
36.720 13 0.532 0.246 0.671 0.492 backward
36.760 13 0.528 0.247 0.666 0.490 backward
36.800 13 0.518 0.235 0.660 0.486 backward
36.840 13 0.507 0.237 0.649 0.489 backward
36.880 13 0.505 0.235 0.648 0.487 backward
36.920 13 0.495 0.229 0.637 0.482 backward
36.960 13 0.495 0.222 0.641 0.479 detection
37.000 13 0.505 0.214 0.637 0.450 forward+backward
37.040 13 0.507 0.210 0.641 0.446 forward+backward
37.080 13 0.506 0.204 0.640 0.442 forward+backward
37.120 13 0.511 0.204 0.647 0.444 forward+backward
37.160 13 0.508 0.204 0.642 0.443 forward+backward
37.200 13 0.512 0.203 0.647 0.442 forward+backward
37.240 13 0.511 0.201 0.645 0.438 forward+backward
37.280 13 0.516 0.203 0.649 0.439 forward+backward
37.320 13 0.517 0.203 0.650 0.439 forward+backward
37.360 13 0.520 0.206 0.652 0.440 forward+backward
37.400 13 0.521 0.207 0.653 0.440 forward+backward
37.440 13 0.534 0.208 0.655 0.424 detection
37.480 13 0.525 0.203 0.662 0.444 forward+backward
37.520 13 0.529 0.204 0.662 0.440 forward+backward
37.560 13 0.531 0.204 0.665 0.442 forward+backward
37.600 13 0.534 0.204 0.666 0.439 forward+backward
37.640 13 0.530 0.204 0.662 0.439 forward+backward
37.680 13 0.534 0.201 0.668 0.440 forward+backward
37.720 13 0.531 0.200 0.666 0.438 forward+backward
37.760 13 0.535 0.199 0.669 0.436 forward+backward
37.800 13 0.532 0.197 0.666 0.436 forward+backward
37.840 13 0.536 0.197 0.670 0.436 forward+backward
37.880 13 0.534 0.197 0.667 0.435 forward+backward
37.920 13 0.527 0.193 0.673 0.451 detection
37.960 13 0.530 0.192 0.677 0.453 forward
